2 0.4421 0.73298 0.0429344 0.215432
2 0.440424 0.728838 0.0422745 0.205499
2 0.440479 0.728535 0.0409889 0.216225
2 0.440129 0.72657 0.0418853 0.217483
2 0.439408 0.731215 0.0413476 0.217993
2 0.439551 0.729969 0.0428068 0.214263
0 0.42542 0.765796 0.0105592 0.136185
2 0.438957 0.730547 0.0421427 0.215839
2 0.435609 0.731994 0.0466498 0.22877
17 0.732194 0.569707 0.0277042 0.304266
17 0.733355 0.563593 0.0270747 0.309075
18 0.733717 0.562124 0.027559 0.306102
18 0.436042 0.755992 0.0409712 0.187636
18 0.434626 0.740977 0.0426111 0.227435
18 0.735581 0.565634 0.0259035 0.300547
17 0.736039 0.568586 0.0272899 0.299173
18 0.432319 0.769187 0.041139 0.186373
17 0.430906 0.752584 0.042076 0.229355
18 0.740514 0.559602 0.0277607 0.30669
18 0.430365 0.780948 0.0426295 0.192845
17 0.429456 0.754259 0.0459974 0.25946
18 0.742575 0.558721 0.0284584 0.30896
18 0.744255 0.554708 0.0273433 0.306176
18 0.428962 0.752948 0.0456082 0.256362
18 0.746077 0.554892 0.0284903 0.303169
0 0.293772 0.623682 0.0179659 0.374549
9 0.205249 0.600562 0.00994104 0.123998
9 0.230521 0.599267 0.0091958 0.12865
0 0.292031 0.651526 0.0168482 0.418547
9 0.229468 0.60255 0.00918263 0.122441
0 0.290554 0.631133 0.0177031 0.42092
19 0.42369 0.778587 0.0476464 0.272287
0 0.288061 0.599308 0.0173764 0.32417
19 0.421878 0.78169 0.0492356 0.268035
19 0.421697 0.786155 0.0492707 0.27168
0 0.286722 0.632848 0.0171415 0.404283
16 0.419206 0.789902 0.0498585 0.266514
19 0.419051 0.791947 0.0491927 0.270706
16 0.417691 0.785641 0.0501494 0.263332
19 0.41601 0.799494 0.0496793 0.281218
19 0.413919 0.801155 0.0504249 0.287246
0 0.275689 0.578145 0.0160193 0.294981
19 0.405451 0.821702 0.0546252 0.316345
23 0.575892 0.789017 0.0186877 0.415614
17 0.724124 0.58548 0.0317044 0.331151
0 0.271608 0.573744 0.0166535 0.271232
0 0.269171 0.591528 0.016709 0.275423
0 0.267991 0.58232 0.0153004 0.271445
0 0.589761 0.791965 0.019233 0.409795
0 0.26016 0.55 0.0156319 0.274933
0 0.258581 0.607688 0.0156192 0.354388
0 0.382575 0.830891 0.061068 0.334883
0 0.255483 0.581451 0.0167716 0.344823
0 0.378664 0.834114 0.062416 0.328808
0 0.253051 0.56158 0.0165374 0.288131
2 0.374482 0.83474 0.0632901 0.325236
0 0.25062 0.576187 0.0166206 0.311845
0 0.626728 0.797195 0.023031 0.400622
0 0.247531 0.560547 0.0168287 0.308494
0 0.63403 0.803134 0.0236361 0.3881
0 0.182897 0.548809 0.0115501 0.178043
0 0.244863 0.580965 0.0159103 0.319252
2 0.358447 0.838727 0.0661812 0.317254
0 0.229873 0.545638 0.0126087 0.33678
0 0.259931 0.544307 0.0132455 0.282987
0 0.241711 0.545383 0.0161346 0.262368
0 0.23852 0.553469 0.0173099 0.281387
2 0.400471 0.779079 0.0459235 0.248461
0 0.338572 0.840982 0.0683502 0.314928
2 0.396815 0.777061 0.0453888 0.242217
2 0.392281 0.77288 0.0463907 0.236861
0 0.232839 0.573421 0.0169818 0.324388
2 0.332095 0.84192 0.0689586 0.311469
0 0.228583 0.579574 0.0164365 0.321182
0 0.684195 0.740552 0.0232911 0.515648
0 0.324364 0.834126 0.0690309 0.325831
2 0.384304 0.785986 0.0474684 0.25155
0 0.225189 0.57639 0.0168307 0.313123
0 0.119927 0.714938 0.0119533 0.273498
2 0.375109 0.797816 0.0506788 0.28397
2 0.369963 0.797108 0.0520685 0.270471
2 0.365191 0.809419 0.0525569 0.300913
0 0.281846 0.766641 0.0641341 0.46123
2 0.359581 0.805202 0.0530012 0.292353
3 0.273034 0.834251 0.0637213 0.328828
2 0.354848 0.830608 0.0541025 0.32799
2 0.253793 0.833666 0.0587703 0.326908
2 0.24458 0.83416 0.0561317 0.32612
2 0.344124 0.817998 0.056276 0.303914
23 0.778804 0.774776 0.0218434 0.448618
2 0.33733 0.836906 0.0574332 0.317989
2 0.235208 0.83616 0.0524612 0.322754
2 0.331791 0.834287 0.0554842 0.320483
2 0.225293 0.837207 0.0486177 0.322875
2 0.32565 0.82693 0.056759 0.316413
0 0.810212 0.777839 0.0166543 0.438761
0 0.193109 0.551247 0.0133877 0.30276
2 0.216112 0.823025 0.0463362 0.349265
2 0.319469 0.82783 0.0576999 0.336854
9 0.730893 0.913155 0.0105708 0.169538
2 0.313812 0.830632 0.0573357 0.333278
2 0.307679 0.828664 0.0579563 0.33715
2 0.301095 0.83147 0.0562071 0.33161
0 0.18563 0.684679 0.0199691 0.541231
2 0.294623 0.827406 0.0574944 0.340835
0 0.184644 0.568846 0.0151171 0.288591
2 0.288145 0.830182 0.0546339 0.334423
0 0.182535 0.563709 0.0153885 0.284486
2 0.282548 0.831843 0.0554512 0.331262
0 0.181967 0.568449 0.0146406 0.277131
0 0.356948 0.648141 0.0108688 0.31462
2 0.275443 0.838605 0.05261 0.319985
0 0.180845 0.567528 0.0141527 0.268885
0 0.164297 0.824513 0.0161433 0.345531
0 0.153882 0.822191 0.036234 0.349776
0 0.180237 0.576832 0.0148278 0.280762
2 0.269039 0.831589 0.052572 0.331329
0 0.26885 0.82984 0.0536299 0.337177
0 0.26314 0.8363 0.0529577 0.324272
0 0.20053 0.622934 0.0203993 0.448511
2 0.257244 0.834728 0.0477672 0.325328
0 0.142606 0.797028 0.0168179 0.372859
0 0.253336 0.84796 0.0272256 0.2997
0 0.222039 0.81427 0.0170397 0.35864
0 0.137028 0.754876 0.0165853 0.327188
0 0.194345 0.612034 0.0149158 0.418145
0 0.134741 0.758176 0.0189835 0.316033
9 0.771991 0.105343 0.0123332 0.207774
19 0.122614 0.761922 0.0363671 0.295279
19 0.12172 0.765056 0.0353237 0.281191
19 0.120926 0.753169 0.0351967 0.272082
0 0.346382 0.704084 0.00922108 0.223578
19 0.119833 0.747204 0.0343439 0.272346
0 0.345845 0.71193 0.00885248 0.239179
19 0.118844 0.749894 0.0334166 0.263463
0 0.345377 0.707715 0.00895727 0.230022
0 0.182728 0.661964 0.0313199 0.536123
0 0.187424 0.758839 0.0126085 0.277691
17 0.115127 0.707187 0.0346798 0.255074
0 0.184272 0.771827 0.0134655 0.254084
0 0.343146 0.573085 0.0154806 0.296465
0 0.345344 0.581851 0.0162632 0.294356
0 0.351315 0.592669 0.0184562 0.308752
0 0.355927 0.595711 0.0153629 0.3052
0 0.359176 0.603082 0.0159731 0.306376
0 0.363077 0.600695 0.0157666 0.299686
6 0.868429 0.496409 0.260294 0.989679
6 0.869911 0.50012 0.257517 0.992683
6 0.881422 0.496843 0.234723 0.990585
6 0.891536 0.46722 0.201594 0.931935
6 0.899268 0.460649 0.199905 0.914895
9 0.302135 0.403283 0.00680512 0.134372
6 0.979414 0.316721 0.0405455 0.620992
6 0.981559 0.316225 0.0362109 0.62352
9 0.331038 0.428579 0.00646007 0.167417
9 0.329227 0.427426 0.00849223 0.167856
9 0.329091 0.410998 0.00825286 0.177655
0 0.622452 0.914725 0.0177243 0.166278
0 0.0763262 0.861457 0.0666234 0.273685
0 0.0599508 0.819578 0.0472931 0.355277
2 0.0501753 0.809896 0.0397682 0.339407
0 0.440521 0.688327 0.0083276 0.195061
0 0.423637 0.725869 0.0108005 0.250202
0 0.416737 0.732261 0.0112783 0.270543
0 0.399609 0.782251 0.0142736 0.332963
0 0.388874 0.782121 0.0145823 0.335822
0 0.375115 0.803573 0.0162158 0.376285
0 0.360044 0.805515 0.0209972 0.370045
0 0.342716 0.812041 0.0188068 0.360012
0 0.321357 0.829427 0.0205038 0.337441
0 0.298668 0.829001 0.0199287 0.339692
0 0.327304 0.840522 0.0152693 0.312887
0 0.271616 0.828632 0.0213771 0.338425
0 0.246846 0.828756 0.0208615 0.338739
0 0.216713 0.83491 0.0236945 0.325613
0 0.392245 0.763005 0.011428 0.277025
0 0.193284 0.817525 0.0222276 0.35972
0 0.284187 0.844325 0.01562 0.307677
0 0.169448 0.819747 0.0226927 0.35508
0 0.273255 0.866605 0.0176646 0.2632
0 0.151448 0.809519 0.0209915 0.376006
0 0.135298 0.80229 0.0203726 0.38866
0 0.120384 0.780826 0.0181963 0.382599
0 0.705508 0.655988 0.0117515 0.218299
0 0.720671 0.627756 0.00944221 0.167878
0 0.109233 0.770081 0.0147509 0.354376
0 0.602135 0.540244 0.0421293 0.908142
0 0.100231 0.748362 0.0137255 0.31129
0 0.604106 0.539447 0.0440384 0.915945
0 0.0912299 0.735779 0.0120928 0.290615
0 0.606297 0.529959 0.0479639 0.935731
0 0.71443 0.641164 0.0131915 0.222895
0 0.0838347 0.705021 0.0106338 0.24853
0 0.714843 0.63662 0.0102136 0.219355
0 0.0772002 0.686745 0.0109111 0.265282
0 0.328125 0.783123 0.0183721 0.250475
9 0.72696 0.0727921 0.0155016 0.143866
0 0.325696 0.750931 0.0210303 0.303969
0 0.324341 0.75209 0.0199075 0.285353
0 0.32412 0.761413 0.0214216 0.246074
0 0.323051 0.782199 0.0187291 0.229217
0 0.317899 0.763256 0.0215185 0.278502
0 0.321962 0.795837 0.0113372 0.207068
0 0.316699 0.737742 0.0198408 0.301143
0 0.316695 0.745131 0.019514 0.301502
0 0.314467 0.741817 0.0211834 0.306156
0 0.651565 0.449848 0.00840402 0.151694
0 0.314831 0.74275 0.0230865 0.314458
0 0.652039 0.446797 0.00770211 0.141367
0 0.312718 0.747352 0.023379 0.30501
0 0.311634 0.748228 0.0216701 0.332355
0 0.314564 0.744635 0.0169979 0.310666
0 0.311801 0.743634 0.0237527 0.321838
0 0.309472 0.749446 0.0201854 0.331308
0 0.518631 0.771356 0.0129044 0.450577
0 0.30926 0.755799 0.0219651 0.328659
9 0.586714 0.371031 0.011682 0.236219
0 0.30922 0.747038 0.0224204 0.320239
0 0.304736 0.746788 0.018016 0.311995
0 0.304901 0.749597 0.021553 0.312973
0 0.3004 0.749368 0.0158502 0.32272
0 0.30315 0.745152 0.0235369 0.344236
0 0.301487 0.754131 0.0225525 0.340851
0 0.534908 0.77467 0.0119965 0.442962
0 0.538658 0.765753 0.0141872 0.463786
0 0.297104 0.749076 0.0212241 0.331525
0 0.540954 0.765535 0.013321 0.463548
0 0.296187 0.752236 0.0218341 0.335459
0 0.54328 0.762851 0.0138952 0.466569
0 0.297296 0.808952 0.0109681 0.203986
0 0.546994 0.749807 0.0155411 0.485063
0 0.548642 0.749151 0.0148361 0.481961
0 0.291836 0.801342 0.0137191 0.228197
0 0.550419 0.755039 0.0155249 0.484875
0 0.552606 0.760706 0.0163023 0.473026
0 0.554617 0.759696 0.0145556 0.474058
0 0.556925 0.749985 0.0151405 0.48887
0 0.558492 0.735805 0.0152395 0.526941
0 0.561025 0.743662 0.0151128 0.505695
0 0.562999 0.750136 0.0172668 0.495129
0 0.265321 0.75237 0.0220147 0.34706
0 0.566611 0.755195 0.0169349 0.484338
0 0.569852 0.751671 0.0166712 0.492251
0 0.576568 0.734858 0.0167134 0.519168
0 0.68372 0.425346 0.0159985 0.188044
0 0.585507 0.737825 0.0189657 0.517912
0 0.523317 0.558267 0.00976157 0.217298
0 0.68653 0.4201 0.0146418 0.197321
0 0.600492 0.723611 0.0205857 0.546014
0 0.692057 0.422906 0.0143235 0.20348
0 0.524304 0.566693 0.00949073 0.216994
0 0.695071 0.42074 0.0159404 0.181802
0 0.427085 0.708335 0.0125666 0.226481
0 0.524891 0.577548 0.00860119 0.206825
0 0.527034 0.576003 0.00953043 0.232198
0 0.65664 0.697336 0.0293276 0.60121
0 0.71536 0.511245 0.0173463 0.359506
0 0.668266 0.693168 0.037696 0.608274
0 0.185846 0.734676 0.0117611 0.250702
0 0.408659 0.797037 0.0165538 0.315908
0 0.532039 0.587472 0.0102446 0.267255
0 0.533107 0.57954 0.0104579 0.284087
0 0.549474 0.579288 0.00825775 0.169728
0 0.796645 0.644603 0.0279989 0.707978
0 0.734793 0.526507 0.0141959 0.338007
0 0.769536 0.536055 0.0123135 0.259598
0 0.551749 0.573932 0.0084641 0.165089
0 0.536312 0.579098 0.0124801 0.291645
9 0.270786 0.191793 0.0240145 0.374911
0 0.786565 0.54361 0.0114791 0.267435
0 0.762253 0.507935 0.0118452 0.245505
0 0.74948 0.472174 0.0142381 0.279853
0 0.539205 0.578962 0.0100603 0.300779
0 0.881621 0.68159 0.0187285 0.631025
0 0.542917 0.579512 0.0117508 0.338234
0 0.903438 0.708874 0.0169502 0.572473
0 0.76856 0.474695 0.0116653 0.262964
0 0.543382 0.571777 0.0140524 0.363342
0 0.912178 0.694593 0.0165181 0.602295
0 0.920054 0.698075 0.0156226 0.57902
0 0.547311 0.572167 0.0155888 0.388876
0 0.530483 0.664093 0.0124605 0.288147
0 0.56778 0.588856 0.0092262 0.186115
0 0.927504 0.698875 0.0166101 0.589892
0 0.550664 0.583488 0.0131867 0.37624
0 0.840762 0.542014 0.020391 0.257282
0 0.933971 0.70216 0.0143861 0.582747
0 0.55084 0.562594 0.0186287 0.426377
0 0.786882 0.436329 0.0133144 0.237251
0 0.849126 0.539352 0.0161107 0.251818
0 0.939316 0.70405 0.0143471 0.554023
0 0.854303 0.533445 0.0155268 0.246314
0 0.269406 0.739317 0.0121908 0.334448
0 0.820572 0.510142 0.0108972 0.227202
0 0.943902 0.705937 0.0138131 0.529485
0 0.948218 0.679186 0.0133226 0.479624
0 0.868227 0.529001 0.012454 0.201489
0 0.542445 0.741701 0.0149336 0.425536
0 0.78309 0.420964 0.0085901 0.180135
0 0.546416 0.763446 0.0152522 0.403703
0 0.951902 0.670099 0.0135055 0.470904
0 0.954758 0.670559 0.0122964 0.442136
9 0.591682 0.589029 0.0109615 0.233697
0 0.808832 0.42176 0.00975811 0.175744
9 0.596762 0.591635 0.0116832 0.251396
0 0.95845 0.663283 0.0131176 0.4534
0 0.961883 0.654661 0.0124718 0.4098
0 0.964093 0.649868 0.0101843 0.349395
9 0.606967 0.601604 0.0124609 0.27129
9 0.613015 0.608555 0.0135047 0.282236
9 0.583371 0.210293 0.00724125 0.181577
0 0.568553 0.705696 0.0132864 0.282542
9 0.588006 0.153324 0.00641882 0.13063
0 0.972027 0.628461 0.0101056 0.295114
0 0.571445 0.715533 0.0151613 0.29693
0 0.285324 0.546816 0.0107852 0.253638
0 0.28753 0.56214 0.011542 0.222203
0 0.467817 0.733038 0.0158128 0.332985
0 0.572493 0.71883 0.0118177 0.313266
0 0.118688 0.670694 0.00952403 0.271239
3 0.456444 0.769562 0.0281074 0.330124
3 0.454878 0.806297 0.0255359 0.255194
0 0.119279 0.665428 0.00956421 0.26625
0 0.120169 0.667259 0.00986412 0.27815
3 0.452014 0.783777 0.0382707 0.429345
3 0.448852 0.798584 0.0410199 0.399801
3 0.445776 0.786986 0.0432125 0.422856
3 0.437138 0.79825 0.0533082 0.397782
0 0.423741 0.793786 0.0607901 0.406092
2 0.472033 0.678371 0.0211091 0.186417
0 0.574883 0.79505 0.01273 0.354525
0 0.511924 0.805062 0.0571951 0.383907
0 0.417079 0.825632 0.0655472 0.34517
0 0.407976 0.760941 0.0780487 0.472078
0 0.128865 0.672017 0.0100865 0.304752
0 0.129587 0.696308 0.0111237 0.285801
0 0.131525 0.680502 0.0103645 0.296458
0 0.587101 0.777721 0.0173271 0.40229
0 0.588347 0.790861 0.0174742 0.386725
2 0.511688 0.812936 0.042792 0.342588
2 0.279833 0.900052 0.133767 0.196853
0 0.596286 0.779229 0.0163426 0.393143
0 0.599134 0.786331 0.0202646 0.423414
19 0.0854623 0.813204 0.0814227 0.369547
17 0.0878223 0.811328 0.0857048 0.374082
19 0.0762342 0.813214 0.0720306 0.370416
0 0.149167 0.720641 0.012709 0.375036
0 0.150665 0.712543 0.00985491 0.361489
17 0.0676186 0.803827 0.0646311 0.38917
2 0.475048 0.619001 0.0191424 0.155235
0 0.602841 0.789127 0.0198591 0.415978
0 0.511229 0.791621 0.0480494 0.408766
0 0.155152 0.721044 0.0117391 0.361216
2 0.481261 0.651846 0.0163228 0.0766439
0 0.511366 0.79313 0.0485012 0.405842
0 0.603866 0.792717 0.0194181 0.396239
0 0.156042 0.715923 0.01245 0.36697
2 0.484855 0.651942 0.0162488 0.0809175
0 0.513006 0.802866 0.0547538 0.388408
2 0.0485066 0.773224 0.0446698 0.447783
0 0.158221 0.713834 0.0100429 0.366553
0 0.609125 0.7821 0.0198717 0.407114
2 0.489135 0.651828 0.0190923 0.0786788
2 0.438662 0.789124 0.0502242 0.281243
0 0.611144 0.790284 0.020794 0.417192
0 0.614156 0.793846 0.0166411 0.405128
0 0.162675 0.718831 0.0115988 0.369903
0 0.164118 0.720761 0.0130575 0.367726
6 0.0329736 0.697936 0.0320678 0.338544
6 0.0280713 0.662893 0.0265545 0.287549
6 0.024183 0.646984 0.0202246 0.261401
0 0.174182 0.736784 0.0133733 0.38229
2 0.293186 0.903899 0.119403 0.18804
0 0.597452 0.749629 0.0112479 0.367358
0 0.598132 0.742414 0.0118034 0.376833
0 0.602153 0.756926 0.0147099 0.384662
0 0.641088 0.789452 0.0162807 0.416596
0 0.602434 0.7592 0.014719 0.389199
2 0.0783711 0.804299 0.0716729 0.385897
2 0.068501 0.790111 0.0629847 0.414259
2 0.0625241 0.789401 0.0603708 0.415681
25 0.889079 0.879251 0.106985 0.235957
0 0.610883 0.76435 0.0124891 0.368799
2 0.0508873 0.779617 0.0443082 0.433918
2 0.0417107 0.732515 0.0380682 0.363767
7 0.041969 0.732086 0.0386325 0.367843
2 0.0382561 0.711315 0.0361285 0.332764
0 0.212839 0.74934 0.0114161 0.414459
0 0.216061 0.770672 0.0141458 0.40774
2 0.0346859 0.690119 0.034549 0.32308
0 0.217277 0.771759 0.015056 0.4471
0 0.220341 0.76176 0.0115323 0.429317
0 0.222481 0.751027 0.0110512 0.428349
0 0.621315 0.7896 0.0149105 0.400177
0 0.232857 0.766577 0.0105323 0.457978
6 0.018049 0.611501 0.0245233 0.230521
25 0.612545 0.892616 0.101373 0.209487
0 0.238554 0.751201 0.0143467 0.487121
0 0.239872 0.780853 0.0151106 0.434917
0 0.512492 0.791913 0.052231 0.410052
0 0.242729 0.76483 0.0117511 0.449608
0 0.248208 0.778702 0.0156671 0.434
0 0.251767 0.76718 0.0184448 0.459027
0 0.258039 0.757011 0.0119823 0.427879
0 0.262358 0.78141 0.0155693 0.425434
0 0.263458 0.787197 0.0152624 0.418379
0 0.266474 0.773301 0.0145756 0.4517
0 0.549302 0.827673 0.0186226 0.339998
0 0.698858 0.789423 0.013461 0.411021
0 0.2685 0.780516 0.0108914 0.421435
0 0.741067 0.776764 0.0195644 0.441585
0 0.742862 0.783741 0.0237591 0.42694
0 0.702259 0.794286 0.0153092 0.406889
0 0.70461 0.800829 0.0149956 0.392584
0 0.746433 0.790402 0.0204697 0.414401
0 0.276983 0.789196 0.0174214 0.419724
0 0.285593 0.775356 0.0138638 0.438438
0 0.296665 0.805333 0.014783 0.382373
2 0.542688 0.752536 0.0291293 0.267154
0 0.311071 0.757195 0.0132613 0.427858
0 0.315499 0.751292 0.0130192 0.457192
2 0.600564 0.655109 0.0159984 0.0853615
0 0.569519 0.679331 0.0111467 0.246581
6 0.175689 0.436811 0.17222 0.452089
9 0.6124 0.223587 0.0122306 0.159577
9 0.9438 0.640773 0.0112026 0.28339
6 0.181852 0.436846 0.13259 0.439992
9 0.377241 0.426716 0.00720417 0.157187
9 0.377301 0.427588 0.00712645 0.150755
0 0.589905 0.710514 0.0170228 0.306475
0 0.49641 0.817325 0.0493742 0.359563
0 0.496459 0.785437 0.0506081 0.423566
9 0.377755 0.424597 0.00720263 0.154057
9 0.951474 0.62391 0.0107908 0.265459
9 0.627192 0.20036 0.0104253 0.186356
0 0.496676 0.801565 0.0495726 0.391413
9 0.951888 0.625706 0.0105302 0.260877
19 0.0378623 0.324729 0.0753255 0.647741
9 0.951994 0.63117 0.0113575 0.261016
9 0.951743 0.629358 0.0109702 0.261111
0 0.496688 0.795585 0.0506704 0.405747
9 0.951797 0.621379 0.0109441 0.25463
0 0.496462 0.797646 0.0519927 0.401595
0 0.596935 0.719613 0.0120623 0.298209
0 0.497671 0.806721 0.053677 0.383539
0 0.497659 0.812522 0.0525698 0.371917
0 0.496873 0.804154 0.0503082 0.388618
0 0.496416 0.821101 0.0497913 0.354444
9 0.951626 0.625463 0.0111396 0.254275
2 0.496165 0.846118 0.0464129 0.301568
2 0.582485 0.678796 0.0153596 0.104397
0 0.496061 0.813306 0.0487648 0.370015
2 0.578837 0.678835 0.0203493 0.113122
0 0.495664 0.810682 0.0501106 0.375171
2 0.578641 0.680642 0.0197814 0.124264
2 0.577444 0.680083 0.0205247 0.104112
3 0.498264 0.809024 0.0535086 0.379051
0 0.49667 0.812419 0.0496694 0.37175
0 0.497236 0.800275 0.05158 0.396399
9 0.951991 0.622414 0.0104702 0.252898
9 0.951928 0.623998 0.0107858 0.251839
9 0.951912 0.62452 0.0103548 0.251848
0 0.497066 0.774995 0.0492227 0.441211
9 0.951934 0.625753 0.0107877 0.256763
9 0.951805 0.624394 0.0106637 0.256779
0 0.976573 0.838463 0.0142608 0.314426
9 0.95205 0.623345 0.0111558 0.255955
9 0.951971 0.624077 0.0113759 0.257015
0 0.972934 0.855172 0.0145769 0.285498
9 0.951652 0.625308 0.0107818 0.255548
9 0.951759 0.626012 0.0105712 0.261153
0 0.958929 0.79087 0.0213898 0.414646
2 0.582414 0.685316 0.0141556 0.10096
2 0.581412 0.686739 0.0170727 0.111761
2 0.580162 0.677635 0.0187815 0.104611
2 0.496782 0.637169 0.0410398 0.225722
2 0.495603 0.642285 0.0416417 0.238065
2 0.579286 0.684404 0.0215763 0.123436
2 0.494632 0.661173 0.0611337 0.318685
3 0.496817 0.827651 0.0488334 0.340828
0 0.869282 0.831838 0.0333605 0.330446
3 0.496316 0.830354 0.0489564 0.333868
0 0.836548 0.842978 0.0272858 0.30805
3 0.495711 0.860118 0.0495236 0.275849
2 0.0915162 0.839302 0.0319284 0.316846
2 0.0909728 0.842902 0.0339772 0.308727
2 0.0915796 0.840006 0.0322179 0.314191
2 0.0915868 0.848286 0.0315842 0.300002
2 0.0915198 0.845774 0.0326184 0.304129
2 0.0913641 0.845875 0.031338 0.304825
2 0.0905094 0.837706 0.0333787 0.320405
9 0.955647 0.613367 0.0104921 0.246933
2 0.0898048 0.839108 0.0327759 0.312398
2 0.0891504 0.845726 0.0330665 0.301529
9 0.956917 0.604066 0.00966978 0.248811
2 0.0801422 0.811973 0.0443751 0.367862
0 0.957408 0.607817 0.0103431 0.26211
0 0.0669608 0.788794 0.0200124 0.354262
25 0.390132 0.870871 0.0841949 0.253102
0 0.0648945 0.769656 0.01709 0.327783
0 0.543359 0.682279 0.00955868 0.172057
0 0.0616452 0.765704 0.0164199 0.358274
0 0.544059 0.694349 0.00948107 0.186421
2 0.0701952 0.759471 0.0365 0.30666
2 0.364162 0.890577 0.0965385 0.21299
2 0.358545 0.8915 0.0958585 0.211528
2 0.439302 0.790624 0.0577127 0.41599
2 0.35373 0.899433 0.0993146 0.198136
2 0.43833 0.786528 0.0592941 0.4218
2 0.34773 0.90363 0.0994544 0.189655
2 0.434016 0.784877 0.0641626 0.42751
2 0.33356 0.909345 0.105088 0.178119
0 0.0743577 0.798007 0.0592317 0.400956
0 0.520226 0.701119 0.0178828 0.268912
2 0.43041 0.785759 0.0669218 0.42648
2 0.324594 0.910594 0.105903 0.175698
0 0.520143 0.706098 0.0197482 0.247526
2 0.428166 0.783453 0.0713349 0.429612
0 0.52259 0.705767 0.0181003 0.239367
0 0.525981 0.727845 0.0133121 0.243041
2 0.298162 0.92098 0.106472 0.155187
2 0.287235 0.916897 0.105881 0.163211
0 0.528107 0.732346 0.0114381 0.243992
2 0.274731 0.918867 0.104396 0.159272
2 0.261189 0.919926 0.10518 0.157185
2 0.247823 0.919174 0.107571 0.158899
2 0.233952 0.919147 0.104676 0.159042
2 0.222483 0.916689 0.109427 0.163914
2 0.393993 0.79367 0.101072 0.408771
2 0.179364 0.90466 0.108808 0.187367
2 0.382777 0.793037 0.109672 0.409994
2 0.169204 0.89908 0.112025 0.198637
2 0.159188 0.888248 0.107431 0.218455
2 0.0669611 0.82375 0.0423527 0.343197
2 0.376029 0.786223 0.118 0.423939
2 0.148946 0.882403 0.105061 0.229827
2 0.367568 0.786596 0.122289 0.423122
9 0.556431 0.397068 0.0079416 0.120824
2 0.363345 0.783728 0.126673 0.428153
0 0.564376 0.724967 0.0118241 0.285219
2 0.0652431 0.78998 0.0367617 0.284972
2 0.353907 0.789953 0.132606 0.415585
2 0.131131 0.869127 0.103974 0.256753
0 0.564578 0.702451 0.0110314 0.258743
0 0.574175 0.724185 0.0102384 0.263019
2 0.121253 0.865847 0.104799 0.263371
25 0.116547 0.863022 0.0998041 0.269295
2 0.337238 0.78887 0.14581 0.416633
2 0.107926 0.853647 0.0863824 0.28822
2 0.103038 0.844114 0.0815995 0.305609
0 0.443467 0.711564 0.0102208 0.252277
0 0.44055 0.71716 0.0102422 0.282696
2 0.101032 0.834446 0.0737092 0.326023
0 0.436392 0.725505 0.0142562 0.300109
0 0.433035 0.715306 0.0119554 0.323633
0 0.606936 0.742611 0.0153749 0.40901
7 0.248313 0.789704 0.178345 0.416241
2 0.248303 0.781121 0.17783 0.433253
2 0.0899908 0.816 0.0675437 0.364897
0 0.429298 0.722957 0.0119568 0.360099
2 0.229942 0.799552 0.176059 0.398352
0 0.0863707 0.797891 0.0628597 0.399056
0 0.424957 0.745665 0.0122024 0.391481
0 0.612792 0.758682 0.0150832 0.450756
0 0.419339 0.763363 0.0138115 0.407965
0 0.617903 0.757926 0.0149686 0.419262
9 0.579509 0.343611 0.00800383 0.172663
0 0.413199 0.768133 0.0148658 0.399714
0 0.622283 0.757216 0.0173559 0.457805
9 0.585996 0.316906 0.0100548 0.203943
0 0.627665 0.757694 0.0137126 0.421518
0 0.631348 0.751503 0.0145826 0.466291
9 0.590394 0.314225 0.0105071 0.198838
0 0.610666 0.796196 0.0164115 0.403299
0 0.385161 0.771209 0.0203995 0.452265
9 0.593516 0.303257 0.0108294 0.197161
0 0.637057 0.758867 0.0226982 0.474993
0 0.543553 0.818611 0.0179323 0.357994
0 0.600515 0.773985 0.0195253 0.443081
1 0.637448 0.889293 0.0299231 0.217731
0 0.545937 0.81372 0.0213907 0.36787
0 0.641593 0.757461 0.0208076 0.466774
0 0.602013 0.771882 0.0149244 0.435647
9 0.598103 0.286527 0.00997102 0.206453
2 0.1392 0.763376 0.115015 0.467987
0 0.371492 0.779505 0.0211397 0.434793
9 0.60374 0.275797 0.0129302 0.207252
0 0.646339 0.740707 0.0225277 0.477861
1 0.647373 0.876765 0.0299785 0.243705
9 0.347183 0.396755 0.00838304 0.127818
2 0.116463 0.757457 0.106926 0.48113
9 0.609276 0.281392 0.0116298 0.241599
0 0.652723 0.769465 0.0229414 0.45169
0 0.558589 0.819554 0.0245423 0.355256
9 0.615353 0.261023 0.0109091 0.216641
0 0.663222 0.772506 0.0161368 0.443044
2 0.110818 0.758969 0.0978617 0.476736
0 0.615909 0.776859 0.015782 0.438142
2 0.550889 0.825883 0.0525672 0.345616
2 0.103235 0.763898 0.0904438 0.467012
0 0.66866 0.769731 0.0187433 0.454884
9 0.621673 0.244271 0.0106988 0.207297
23 0.286551 0.751981 0.0259156 0.490907
0 0.62026 0.782394 0.0169852 0.426976
0 0.660184 0.775825 0.0178654 0.444258
2 0.55675 0.831887 0.0524862 0.330598
2 0.0975003 0.743067 0.0832766 0.509224
9 0.628378 0.245648 0.012087 0.25617
2 0.56114 0.833581 0.0560704 0.327319
9 0.63484 0.191995 0.0125291 0.209552
2 0.568141 0.837215 0.0574781 0.319916
0 0.638604 0.784873 0.017785 0.411027
0 0.6924 0.758001 0.0172458 0.480035
0 0.688773 0.756491 0.025393 0.481225
0 0.651667 0.796837 0.0181987 0.389782
9 0.663507 0.184743 0.0210452 0.357178
2 0.580192 0.844027 0.0590634 0.309032
9 0.642908 0.325535 0.00708342 0.170329
0 0.584025 0.857421 0.0624938 0.282032
0 0.134499 0.74946 0.0279572 0.494021
0 0.119202 0.728121 0.0236767 0.537067
0 0.052009 0.703923 0.0225292 0.579868
0 0.106105 0.704664 0.0234856 0.58209
0 0.0921167 0.740695 0.015613 0.475983
2 0.123096 0.577299 0.0127551 0.0886384
2 0.606822 0.823504 0.0621655 0.347482
0 0.0811713 0.757939 0.0138671 0.428096
2 0.61201 0.830417 0.061049 0.334188
0 0.063131 0.725546 0.0204193 0.446958
2 0.617156 0.833201 0.0577954 0.328652
2 0.621482 0.833254 0.0566838 0.328549
0 0.0237803 0.686096 0.0171775 0.48994
9 0.425019 0.415268 0.00880384 0.165394
2 0.625032 0.829734 0.0541046 0.33521
9 0.558651 0.432772 0.0106263 0.167186
2 0.628573 0.830352 0.0537107 0.334195
9 0.681108 0.215091 0.0107224 0.245754
1 0.726755 0.798961 0.0284715 0.396999
9 0.542298 0.298815 0.0090282 0.14968
0 0.733681 0.798317 0.0294073 0.397272
0 0.823911 0.800195 0.014115 0.382301
0 0.631488 0.828884 0.0527544 0.337095
0 0.829011 0.794861 0.016995 0.395062
9 0.550067 0.430174 0.011122 0.169678
0 0.843651 0.767394 0.0164728 0.408179
9 0.536483 0.284403 0.00906265 0.14715
0 0.83367 0.800867 0.0161806 0.37425
2 0.633957 0.822258 0.048564 0.346064
9 0.799231 0.158916 0.0124037 0.317832
9 0.524484 0.252204 0.00947893 0.150235
0 0.837418 0.816281 0.0164045 0.345451
0 0.753283 0.817775 0.0305811 0.361218
0 0.8507 0.807672 0.0141354 0.339908
0 0.646815 0.814041 0.023963 0.365953
9 0.118274 0.256677 0.010839 0.232348
9 0.518237 0.242447 0.00894737 0.155021
0 0.839897 0.805036 0.0131948 0.318068
0 0.759766 0.793842 0.0310069 0.407045
9 0.807212 0.170119 0.013617 0.317607
0 0.765149 0.792025 0.0306783 0.410174
9 0.510405 0.234572 0.00878477 0.159079
0 0.789101 0.775338 0.0191162 0.446121
0 0.841706 0.782118 0.0120877 0.318535
0 0.391758 0.647706 0.00929302 0.211295
9 0.503333 0.219852 0.00915241 0.171166
0 0.772374 0.790262 0.0336506 0.414442
9 0.818482 0.161393 0.0135089 0.32054
0 0.8422 0.767314 0.0132699 0.360192
0 0.381671 0.658024 0.00960845 0.222378
9 0.496184 0.22184 0.00956273 0.188236
0 0.370072 0.658563 0.00836015 0.224444
0 0.77781 0.783512 0.0298204 0.427271
9 0.824619 0.17454 0.0124135 0.294722
0 0.638065 0.811839 0.0338025 0.363987
9 0.488752 0.222386 0.0103858 0.185744
0 0.782841 0.788581 0.0314432 0.418195
9 0.142662 0.287465 0.0164697 0.23302
9 0.140025 0.284534 0.0126203 0.235467
0 0.849676 0.772925 0.0239822 0.449476
9 0.829821 0.148788 0.0141087 0.297577
0 0.344409 0.666003 0.00984001 0.286028
9 0.717694 0.146317 0.0147359 0.291669
0 0.788217 0.800287 0.0325692 0.394164
9 0.480988 0.227695 0.0100861 0.180971
9 0.127593 0.275584 0.0126409 0.240567
9 0.126433 0.252989 0.00849035 0.181077
9 0.49576 0.401589 0.0120369 0.192361
9 0.135197 0.285126 0.00876904 0.23847
0 0.331067 0.671162 0.0118479 0.288967
0 0.793955 0.795873 0.0319524 0.405217
9 0.47333 0.223963 0.0100855 0.197313
9 0.72302 0.152778 0.0168908 0.305557
0 0.843491 0.698863 0.0124991 0.276714
0 0.317128 0.70549 0.0110409 0.217734
0 0.799027 0.80376 0.032416 0.388649
9 0.465815 0.228042 0.0108298 0.193619
0 0.84161 0.715143 0.0107466 0.293615
0 0.300719 0.687243 0.0127186 0.306235
9 0.457655 0.221463 0.0113701 0.200226
0 0.803506 0.785595 0.0321952 0.423917
0 0.850689 0.772941 0.0125817 0.365542
2 0.625954 0.828434 0.0334058 0.336263
0 0.287559 0.754231 0.0108429 0.198118
1 0.80361 0.856441 0.0402524 0.284517
0 0.809344 0.785695 0.0272868 0.428609
9 0.741221 0.143697 0.0140691 0.287394
3 0.937659 0.763344 0.0579448 0.467236
0 0.81264 0.759678 0.0272322 0.480224
1 0.804982 0.875296 0.0438268 0.2467
0 0.271106 0.768905 0.0116265 0.20937
9 0.441653 0.220324 0.0122688 0.212288
0 0.270284 0.708978 0.0124966 0.331673
0 0.987894 0.791382 0.0238366 0.411428
2 0.502227 0.858855 0.0566188 0.275411
0 0.987777 0.783077 0.0241005 0.428034
0 0.481851 0.795589 0.0263257 0.398262
0 0.481393 0.786065 0.0259308 0.418952
2 0.502013 0.854867 0.0578761 0.283112
2 0.502613 0.852148 0.0575153 0.290305
0 0.481293 0.789422 0.0265907 0.395761
2 0.502391 0.85679 0.0579573 0.282583
3 0.988059 0.787329 0.0234957 0.422895
2 0.502389 0.856965 0.0556171 0.278172
2 0.502864 0.861373 0.05521 0.269857
2 0.502193 0.853963 0.0570563 0.285067
2 0.501955 0.852524 0.0577728 0.287278
0 0.481262 0.772107 0.0268824 0.415835
2 0.502711 0.85362 0.0564893 0.285771
2 0.502216 0.856068 0.057387 0.280246
2 0.439711 0.605127 0.0206286 0.129041
2 0.502331 0.856205 0.0570846 0.280691
2 0.444294 0.604259 0.0200124 0.104564
2 0.501421 0.85744 0.0574108 0.278576
0 0.481112 0.773866 0.0260412 0.422189
2 0.452265 0.543973 0.0183274 0.104769
2 0.501522 0.852581 0.057566 0.288708
2 0.381958 0.589014 0.0351309 0.137725
3 0.987519 0.785612 0.0245308 0.425507
12 0.481312 0.791939 0.0256819 0.395801
3 0.987497 0.788601 0.0245824 0.420154
2 0.501943 0.853468 0.0573931 0.286239
2 0.502173 0.85432 0.0567274 0.284285
2 0.502473 0.856602 0.0564802 0.279182
0 0.480991 0.778966 0.026183 0.427379
0 0.481086 0.78481 0.025498 0.415949
0 0.481597 0.795491 0.0263848 0.402514
2 0.505451 0.857081 0.0514858 0.280547
0 0.481057 0.792073 0.0265325 0.406917
3 0.987839 0.790324 0.0239468 0.416034
0 0.481318 0.741685 0.0265356 0.489992
2 0.501738 0.855474 0.0578492 0.282315
0 0.481383 0.782808 0.0260619 0.421765
0 0.481168 0.795819 0.0258698 0.40001
3 0.988035 0.785814 0.0235574 0.424563
3 0.0421817 0.773089 0.0450495 0.448078
9 0.114095 0.463461 0.00944376 0.190482
0 0.0568264 0.77274 0.0161014 0.426959
2 0.108077 0.637815 0.0228552 0.166455
6 0.82326 0.570857 0.0775082 0.430157
9 0.172786 0.296406 0.0133898 0.193509
6 0.840242 0.534563 0.0678988 0.431804
0 0.0604641 0.799652 0.0159465 0.394144
0 0.251682 0.791382 0.0132381 0.292728
0 0.0618198 0.775016 0.0151942 0.439431
0 0.164015 0.54811 0.0102817 0.279452
0 0.0617542 0.77425 0.0150094 0.424118
9 0.642986 0.120741 0.0110884 0.160418
9 0.593609 0.536817 0.0129219 0.282574
0 0.245503 0.786713 0.0114797 0.294802
0 0.242381 0.76215 0.0120353 0.308472
2 0.310746 0.916048 0.113001 0.164806
9 0.618685 0.484219 0.0200473 0.218367
9 0.599548 0.535478 0.0147789 0.287081
2 0.268242 0.918592 0.122232 0.159473
2 0.243935 0.921089 0.122051 0.154528
2 0.21878 0.912381 0.120574 0.171988
0 0.167676 0.513944 0.00934619 0.188437
0 0.215014 0.510227 0.0104836 0.228483
2 0.169529 0.89267 0.12673 0.211536
0 0.217122 0.64058 0.0123656 0.419109
0 0.166372 0.507561 0.00962555 0.191601
0 0.213028 0.684749 0.0106849 0.255523
2 0.148334 0.876101 0.127931 0.243479
2 0.135836 0.871857 0.114735 0.251042
9 0.16141 0.493303 0.00906679 0.146056
9 0.663308 0.517065 0.0193653 0.351187
2 0.115893 0.856471 0.0928095 0.281239
0 0.197786 0.698132 0.00814766 0.187469
9 0.160907 0.495746 0.00802368 0.144796
0 0.0586539 0.794834 0.0213317 0.402889
0 0.329851 0.724324 0.00957644 0.252363
0 0.323233 0.772622 0.0125812 0.339149
0 0.309557 0.817609 0.0161031 0.355436
0 0.994894 0.817732 0.00973558 0.358394
0 0.168572 0.680328 0.0156569 0.420772
0 0.324564 0.754614 0.0195366 0.357115
2 0.0190721 0.794394 0.0380767 0.403321
0 0.21687 0.761267 0.0188138 0.391135
0 0.211894 0.767202 0.0189656 0.373686
0 0.207305 0.773281 0.0164135 0.343977
0 0.200114 0.767408 0.0169545 0.366883
0 0.940268 0.801233 0.059193 0.394188
0 0.934121 0.816498 0.0669417 0.361423
0 0.927939 0.822408 0.0705656 0.351467
0 0.923207 0.82927 0.0757266 0.336127
0 0.917547 0.840948 0.080531 0.312479
25 0.901166 0.864352 0.0939863 0.265342
6 0.756285 0.499247 0.391871 0.994154
6 0.749876 0.499602 0.392117 0.995651
3 0.423191 0.840293 0.0446241 0.314381
0 0.36555 0.881102 0.0742842 0.234803
0 0.877918 0.662444 0.0131752 0.358769
0 0.882462 0.660882 0.0136354 0.355887
0 0.886637 0.6813 0.0151396 0.332231
0 0.683576 0.457755 0.0146036 0.321496
0 0.144847 0.704785 0.0112543 0.352962
0 0.0502598 0.622297 0.013676 0.229951
19 0.445643 0.788857 0.0232141 0.229193
3 0.433997 0.839735 0.0309942 0.31741
19 0.454683 0.82279 0.041644 0.347853
19 0.443906 0.829969 0.0548321 0.335356
2 0.345631 0.914513 0.0628015 0.16652
0 0.818154 0.500621 0.01239 0.439255
2 0.274156 0.930045 0.0663404 0.136286
0 0.4151 0.696693 0.10203 0.603845
9 0.145336 0.249292 0.0093075 0.136283
0 0.392553 0.668968 0.128037 0.65965
12 0.102579 0.60854 0.109735 0.780509
12 0.0666779 0.656439 0.0632105 0.680435
3 0.457642 0.796341 0.0370794 0.392424
6 0.0563021 0.671555 0.0513017 0.643509
0 0.732337 0.229971 0.0260849 0.459941
3 0.44422 0.797482 0.0464259 0.398915
9 0.363872 0.427697 0.0112063 0.221127
0 0.404752 0.84189 0.0786537 0.313418
9 0.332278 0.408324 0.00963449 0.240507
6 0.220878 0.867036 0.113052 0.259949
5 0.634238 0.500851 0.138534 0.994309
6 0.153274 0.854623 0.126139 0.284748
5 0.656482 0.500136 0.160377 0.995705
5 0.670401 0.499601 0.178147 0.996893
5 0.679653 0.499271 0.181034 0.997024
2 0.0626219 0.79356 0.0485149 0.407438
9 0.832556 0.20598 0.0194736 0.34041
3 0.046295 0.726843 0.0325815 0.353362
6 0.761331 0.503042 0.214499 0.991126
0 0.444339 0.815107 0.0296648 0.364426
2 0.0582658 0.762767 0.0429491 0.337644
0 0.252852 0.686102 0.0125215 0.168566
9 0.6283 0.227871 0.00944614 0.146292
9 0.136401 0.361792 0.00872758 0.188533
9 0.120938 0.365296 0.00996615 0.170926
2 0.0543637 0.801505 0.0381429 0.380669
9 0.672791 0.328843 0.0101773 0.218484
9 0.830942 0.336725 0.00868106 0.175279
9 0.838169 0.350495 0.00755858 0.225104
0 0.209917 0.71637 0.0177563 0.262623
9 0.862908 0.34307 0.00827873 0.176816
0 0.202791 0.725101 0.0197186 0.260549
2 0.82446 0.595774 0.0278566 0.208709
9 0.282552 0.387195 0.00962859 0.236701
9 0.84655 0.263147 0.0108616 0.207809
6 0.369112 0.842156 0.112589 0.310533
0 0.148807 0.687662 0.0142474 0.237733
9 0.868902 0.287975 0.0104644 0.212979
2 0.308391 0.856141 0.127545 0.2829
0 0.153225 0.687761 0.0121109 0.223171
9 0.712857 0.396866 0.00871217 0.186368
2 0.209625 0.856453 0.146354 0.28303
0 0.566889 0.575385 0.0104258 0.183046
9 0.720917 0.392801 0.00757241 0.181746
2 0.10732 0.793861 0.0845333 0.408672
2 0.0795619 0.782068 0.062988 0.425152
2 0.582113 0.610864 0.0225697 0.159051
0 0.0516652 0.745299 0.0224026 0.484848
9 0.910111 0.327185 0.00814795 0.153861
2 0.58911 0.620307 0.028018 0.167903
2 0.59412 0.619928 0.0296487 0.174651
2 0.598267 0.622752 0.0351689 0.181965
2 0.603332 0.629084 0.0339229 0.18573
2 0.60812 0.633446 0.0332428 0.190067
9 0.696748 0.144261 0.00894523 0.184944
2 0.614699 0.636261 0.0364803 0.209935
2 0.619653 0.650469 0.0371165 0.22234
19 0.626456 0.646891 0.0384917 0.236745
19 0.632778 0.647701 0.039511 0.243968
19 0.705494 0.701082 0.0449443 0.249818
19 0.649211 0.654559 0.0410069 0.266913
9 0.70479 0.419561 0.00604868 0.142326
19 0.658281 0.658298 0.0418717 0.281637
0 0.724542 0.680091 0.0177774 0.355688
0 0.702981 0.687095 0.011609 0.295547
2 0.743258 0.676386 0.0308857 0.340623
9 0.70456 0.175163 0.00976408 0.17013
9 0.0454539 0.063868 0.01336 0.126279
2 0.827906 0.665232 0.0344372 0.31124
2 0.874602 0.623432 0.035344 0.242706
2 0.896578 0.604906 0.0278056 0.212743
0 0.322446 0.861828 0.0102155 0.153218
0 0.538181 0.537004 0.00879836 0.152672
9 0.704115 0.478419 0.00753498 0.138444
0 0.5444 0.545575 0.0101273 0.189867
0 0.5452 0.542528 0.0102828 0.189612
0 0.54745 0.561221 0.00886559 0.185395
0 0.616348 0.677769 0.015064 0.290775
10 0.658342 0.784079 0.0155593 0.251425
9 0.784553 0.178654 0.0116901 0.293663
0 0.229397 0.755975 0.0124937 0.396415
0 0.227955 0.758663 0.0168455 0.422599
0 0.224915 0.755445 0.0164691 0.401833
0 0.689059 0.811184 0.016938 0.315273
9 0.850496 0.271644 0.0147581 0.264117
9 0.25075 0.452147 0.0115894 0.196236
9 0.0627186 0.271199 0.0108603 0.266735
0 0.803437 0.737991 0.0136788 0.397417
9 0.91648 0.307436 0.00941777 0.193718
9 0.0569684 0.297911 0.0107082 0.238455
9 0.923702 0.339088 0.00700843 0.142069
0 0.821569 0.709576 0.0140007 0.400449
9 0.930495 0.333136 0.00796914 0.151922
9 0.83151 0.261779 0.010394 0.236093
9 0.941684 0.367283 0.00598502 0.141302
0 0.865116 0.671394 0.0136746 0.324486
9 0.871501 0.285966 0.0109519 0.175987
9 0.101581 0.202954 0.0200049 0.370453
9 0.949566 0.387216 0.00572777 0.118681
9 0.0899188 0.23715 0.0172141 0.309536
9 0.0800105 0.272189 0.0142687 0.286715
9 0.0725403 0.288468 0.0125525 0.236537
9 0.0667258 0.308886 0.0104465 0.214415
0 0.215578 0.83019 0.0690351 0.336824
6 0.273336 0.496624 0.373712 0.988453
6 0.264681 0.494033 0.354675 0.988066
6 0.274795 0.496876 0.449872 0.993429
2 0.267299 0.853335 0.0705156 0.288949
6 0.246279 0.504995 0.435685 0.986705
0 0.342205 0.787777 0.0620672 0.421744
6 0.273325 0.520814 0.371773 0.951158
2 0.22292 0.830006 0.0711769 0.334487
6 0.227169 0.499354 0.424398 0.995808
6 0.17935 0.500737 0.288708 0.998081
6 0.389916 0.55278 0.152708 0.870263
6 0.373402 0.545078 0.177172 0.892913
2 0.368193 0.789516 0.0586672 0.416347
2 0.219864 0.797732 0.0741288 0.399734
2 0.191135 0.796713 0.0718517 0.402433
2 0.165826 0.795922 0.0622215 0.403525
6 0.331805 0.682945 0.229104 0.634111
7 0.145386 0.785751 0.0532238 0.419914
5 0.243402 0.681228 0.190822 0.637282
7 0.100772 0.692818 0.0344597 0.297155
5 0.22153 0.671012 0.187426 0.655207
6 0.17251 0.660805 0.227182 0.67535
7 0.360574 0.658977 0.147053 0.611782
6 0.351823 0.655514 0.152451 0.60633
6 0.347319 0.650244 0.163467 0.61314
0 0.590823 0.563707 0.0162071 0.276862
6 0.258325 0.671913 0.425865 0.650651
6 0.252798 0.497555 0.439484 0.990269
6 0.226938 0.490875 0.382158 0.975264
2 0.330855 0.825275 0.0808291 0.346011
0 0.60455 0.567743 0.0186892 0.321612
6 0.709527 0.741762 0.171745 0.512689
0 0.851178 0.298339 0.0126741 0.381014
6 0.0518818 0.680648 0.0707394 0.585281
6 0.676826 0.742966 0.162964 0.511767
0 0.851007 0.298805 0.0128493 0.394474
0 0.8514 0.30014 0.0134424 0.383786
0 0.851111 0.291366 0.0126853 0.407114
0 0.851798 0.292604 0.0140214 0.390012
0 0.851367 0.294835 0.0133907 0.389518
2 0.587854 0.74666 0.0822316 0.501309
0 0.851873 0.295739 0.0132365 0.389143
2 0.578259 0.750279 0.0684555 0.493411
0 0.851891 0.296285 0.0144973 0.388484
2 0.570933 0.750053 0.0619545 0.493401
0 0.852394 0.294634 0.0142626 0.390488
2 0.564791 0.748171 0.0536759 0.493309
0 0.85249 0.297423 0.0145366 0.37545
0 0.545711 0.776616 0.0205574 0.441227
0 0.852043 0.293204 0.0141823 0.382828
0 0.851342 0.292387 0.0136926 0.387438
0 0.852048 0.294143 0.0133371 0.391879
0 0.550062 0.717752 0.0378474 0.438819
0 0.85164 0.292874 0.0134697 0.386301
0 0.851885 0.291711 0.0140806 0.39126
0 0.85128 0.294826 0.0139116 0.390625
0 0.851659 0.293424 0.0141056 0.384759
13 0.935758 0.771336 0.0621161 0.454774
0 0.852423 0.29255 0.0147775 0.386653
0 0.850965 0.293061 0.0130678 0.389262
0 0.852238 0.296184 0.0133073 0.380386
6 0.0478991 0.700599 0.0817243 0.590793
0 0.851702 0.297058 0.0133841 0.385564
0 0.851679 0.29046 0.0136697 0.400531
0 0.853099 0.297636 0.0158648 0.39036
0 0.85137 0.296282 0.0142593 0.391271
0 0.851672 0.291491 0.013515 0.39324
6 0.821748 0.823002 0.131016 0.349751
6 0.788174 0.822821 0.136657 0.349679
0 0.851671 0.29711 0.0127473 0.382083
0 0.85124 0.29338 0.0123062 0.391906
2 0.526078 0.640153 0.0110652 0.0974777
0 0.851168 0.289997 0.0134538 0.392666
6 0.698654 0.822689 0.137721 0.349759
0 0.851349 0.294506 0.0145602 0.394687
0 0.852154 0.297567 0.0142406 0.384327
0 0.851302 0.298739 0.0138431 0.381019
0 0.851875 0.296315 0.0134161 0.384996
0 0.852426 0.286297 0.0134593 0.407919
0 0.852004 0.291919 0.0132582 0.397277
2 0.574278 0.79691 0.0661137 0.400802
2 0.565701 0.797488 0.058588 0.399718
0 0.852305 0.293317 0.0143993 0.388961
0 0.852177 0.289844 0.01456 0.390769
2 0.560568 0.794523 0.0488935 0.405043
0 0.54246 0.774844 0.0173643 0.379224
0 0.851309 0.295226 0.0131652 0.386664
0 0.851729 0.297756 0.013894 0.388475
0 0.851621 0.294703 0.013745 0.376495
0 0.851659 0.298289 0.0139647 0.384748
0 0.852536 0.298403 0.0138707 0.383088
0 0.851047 0.293677 0.0135148 0.388831
0 0.852365 0.292512 0.0132477 0.382594
0 0.851567 0.294781 0.0140655 0.390382
0 0.852818 0.296451 0.015321 0.388213
0 0.851272 0.293005 0.0130401 0.385139
0 0.852244 0.289698 0.0135882 0.392794
6 0.759553 0.751 0.133706 0.494885
0 0.852013 0.29576 0.013052 0.374721
0 0.851933 0.297856 0.012737 0.372749
0 0.851258 0.292792 0.0133266 0.387195
0 0.851809 0.291479 0.0140481 0.379904
2 0.570806 0.752397 0.056963 0.48303
0 0.851456 0.293673 0.0128695 0.382536
0 0.851357 0.29727 0.0134926 0.388184
0 0.85236 0.297633 0.014071 0.385141
2 0.555204 0.753634 0.0426631 0.483602
0 0.851317 0.288508 0.0130346 0.398671
0 0.85187 0.298826 0.0151268 0.390769
0 0.852313 0.294397 0.0128578 0.389511
0 0.851272 0.296607 0.0130367 0.392872
0 0.851759 0.29346 0.0136679 0.388104
0 0.85238 0.290102 0.0141695 0.393911
0 0.852192 0.292415 0.014146 0.390023
0 0.850989 0.294695 0.0145504 0.394625
2 0.480966 0.649799 0.0118869 0.0912814
0 0.852478 0.296036 0.0148294 0.383295
6 0.844092 0.805783 0.170141 0.385682
0 0.851565 0.292945 0.0130864 0.385041
0 0.851968 0.294911 0.013788 0.384192
2 0.772976 0.813747 0.0961286 0.368891
0 0.852191 0.293815 0.0131716 0.382549
0 0.852356 0.294202 0.0148408 0.391091
6 0.739033 0.817726 0.160269 0.359534
0 0.852242 0.296821 0.0145221 0.384599
28 0.697203 0.810891 0.129742 0.375174
0 0.851672 0.29093 0.0139527 0.389334
28 0.620292 0.805968 0.121351 0.382907
0 0.851524 0.302515 0.0134934 0.383831
0 0.851947 0.295455 0.0141125 0.379077
0 0.851179 0.296761 0.0136776 0.382971
0 0.851351 0.295479 0.0141033 0.39025
2 0.574711 0.800218 0.07008 0.395648
0 0.851103 0.29399 0.0134792 0.384521
2 0.556506 0.79137 0.0463587 0.402125
0 0.851632 0.29266 0.0139093 0.392747
2 0.582792 0.723976 0.0197823 0.265591
0 0.850644 0.293409 0.0134892 0.381894
0 0.851601 0.294694 0.0137558 0.385602
0 0.851556 0.298724 0.0140905 0.378087
2 0.446886 0.832482 0.0366793 0.322631
0 0.851728 0.293969 0.0144411 0.391749
0 0.851963 0.297311 0.0138407 0.378325
2 0.434982 0.849627 0.0445385 0.292691
0 0.851557 0.290548 0.0120456 0.378504
2 0.414961 0.860099 0.0762442 0.274187
0 0.85181 0.298829 0.0135205 0.381894
0 0.852269 0.293761 0.0138584 0.386467
0 0.871173 0.816274 0.0705401 0.363987
0 0.85094 0.295569 0.0135279 0.393801
0 0.847955 0.824281 0.0794998 0.346463
0 0.85148 0.297112 0.0137095 0.383478
28 0.641045 0.760092 0.132396 0.479707
0 0.852036 0.300979 0.0128498 0.37304
2 0.743935 0.86049 0.10534 0.273312
0 0.853011 0.296501 0.0155816 0.387967
0 0.85217 0.299651 0.0143714 0.385693
0 0.852399 0.293125 0.014581 0.392299
0 0.851907 0.287166 0.0137844 0.399031
0 0.852158 0.298386 0.0135043 0.38436
0 0.851597 0.290584 0.0132098 0.388979
0 0.851481 0.296366 0.0131607 0.382681
0 0.851455 0.294267 0.0138929 0.388474
0 0.851463 0.289831 0.0129991 0.38692
0 0.851744 0.290304 0.0133834 0.386315
6 0.0684583 0.683827 0.102218 0.628703
0 0.851801 0.296503 0.0143723 0.389739
0 0.851484 0.297155 0.0128183 0.388884
0 0.85118 0.297962 0.0133364 0.382016
6 0.0558356 0.726834 0.0731563 0.535946
0 0.851016 0.29806 0.0131307 0.376863
0 0.8526 0.296049 0.0147702 0.387193
0 0.851801 0.297017 0.0129488 0.378744
0 0.851827 0.293252 0.0131655 0.397575
0 0.851492 0.294551 0.0129906 0.388056
6 0.457391 0.542248 0.0324308 0.590587
5 0.454477 0.546953 0.034102 0.643644
0 0.852454 0.299422 0.0142106 0.38413
5 0.450624 0.550235 0.038121 0.697437
0 0.851917 0.293593 0.0128787 0.389914
5 0.450732 0.622049 0.0540676 0.692194
0 0.851161 0.297949 0.0128148 0.387619
5 0.448083 0.613115 0.0678405 0.754633
0 0.850924 0.295465 0.0128276 0.389846
5 0.441361 0.590258 0.0800315 0.81656
0 0.853886 0.291787 0.0170083 0.393599
6 0.435169 0.579462 0.0942158 0.838156
0 0.851575 0.295248 0.0129915 0.386973
6 0.42437 0.504328 0.108259 0.989014
0 0.851206 0.298469 0.0149875 0.380293
0 0.851407 0.297879 0.0131406 0.378615
6 0.41414 0.498677 0.138079 0.996973
6 0.393468 0.499909 0.157331 0.99534
0 0.85146 0.291203 0.0137579 0.391204
0 0.851548 0.291483 0.0143119 0.387359
6 0.372315 0.499986 0.191361 0.996417
0 0.851654 0.298556 0.0129719 0.379605
0 0.851744 0.295092 0.0135531 0.383731
9 0.15845 0.432601 0.0308338 0.496978
0 0.851986 0.296966 0.0138674 0.378449
0 0.851725 0.295375 0.0137339 0.390874
0 0.851907 0.296906 0.013625 0.379674
0 0.852051 0.294024 0.0151297 0.389646
0 0.851255 0.298984 0.0138075 0.381461
0 0.852133 0.291894 0.014514 0.394314
0 0.851884 0.290142 0.0136549 0.392479
0 0.851859 0.293053 0.0134349 0.384757
0 0.852024 0.29469 0.0146441 0.391143
0 0.851301 0.29158 0.0146112 0.397551
0 0.851513 0.29167 0.0138755 0.401757
6 0.0507869 0.499197 0.100986 0.996177
0 0.852108 0.294757 0.0145249 0.384824
0 0.852418 0.294129 0.0143883 0.387025
0 0.852224 0.296721 0.01395 0.385407
0 0.851761 0.293185 0.0138452 0.389453
0 0.852701 0.294872 0.0151606 0.384372
0 0.851127 0.294972 0.0124421 0.389795
0 0.852342 0.29598 0.013777 0.379345
0 0.852122 0.299983 0.0129364 0.373373
0 0.851234 0.296418 0.0131094 0.383651
0 0.85136 0.293967 0.0142045 0.397718
0 0.851274 0.29699 0.01438 0.390525
0 0.852528 0.29596 0.0143913 0.381885
0 0.851898 0.295925 0.0133593 0.392003
0 0.851673 0.296839 0.0149469 0.388557
0 0.852003 0.29588 0.0146353 0.391393
0 0.851785 0.29402 0.0129106 0.389445
0 0.851124 0.293037 0.0139455 0.393927
0 0.851589 0.296427 0.0134923 0.389664
0 0.851232 0.300108 0.0139031 0.386292
0 0.851708 0.29194 0.0137582 0.390219
0 0.851211 0.29539 0.0131317 0.388742
0 0.851527 0.296522 0.013582 0.39042
0 0.852077 0.297948 0.0138792 0.38415
0 0.852111 0.290788 0.0140908 0.392319
0 0.851561 0.290313 0.0132678 0.384183
0 0.851282 0.29816 0.0140831 0.388572
0 0.852424 0.291946 0.014555 0.393714
0 0.852051 0.293065 0.0130301 0.383135
0 0.85146 0.290103 0.0138612 0.399664
0 0.851515 0.29622 0.0142953 0.391416
0 0.851581 0.29663 0.0132353 0.386823
0 0.852434 0.293862 0.0136746 0.394605
0 0.851346 0.293945 0.0128568 0.376498
2 0.478093 0.641599 0.0126852 0.091189
0 0.851497 0.295789 0.0142114 0.389314
0 0.851783 0.295777 0.013808 0.389965
0 0.851437 0.291143 0.0132668 0.394735
0 0.851226 0.296619 0.0138125 0.390861
2 0.391392 0.826604 0.0793491 0.342032
0 0.851568 0.299719 0.013485 0.37784
0 0.852338 0.297383 0.0141439 0.381323
0 0.851573 0.284847 0.013999 0.39416
2 0.466503 0.686474 0.0185274 0.199981
0 0.851901 0.289877 0.0135648 0.399458
12 0.290747 0.863444 0.112721 0.267436
0 0.852701 0.289943 0.0162597 0.39471
0 0.852097 0.287286 0.0138936 0.395293
2 0.459275 0.760878 0.0193661 0.143069
0 0.854747 0.293107 0.0183806 0.395569
0 0.851838 0.288607 0.0136149 0.39528
0 0.85236 0.284796 0.0139616 0.406362
0 0.852118 0.286008 0.0140728 0.409739
0 0.851877 0.274561 0.0140743 0.402402
0 0.851693 0.28522 0.0125554 0.40802
0 0.0718246 0.197175 0.0613685 0.39435
0 0.85565 0.283306 0.016072 0.398763
0 0.854127 0.29059 0.0153686 0.378021
0 0.855031 0.285795 0.012241 0.405005
12 0.361302 0.869571 0.0833255 0.255578
12 0.208966 0.888816 0.102596 0.216934
0 0.859276 0.284823 0.013006 0.371513
0 0.85921 0.284709 0.0151629 0.379969
9 0.784227 0.0550132 0.0112698 0.108438
0 0.024302 0.307896 0.0484982 0.614321
0 0.023833 0.309004 0.0475344 0.617502
0 0.954176 0.430898 0.0155573 0.308065
0 0.955027 0.433334 0.014766 0.314803
0 0.955314 0.434699 0.0164828 0.313481
0 0.163175 0.196742 0.0337812 0.393396
0 0.557087 0.695718 0.0109279 0.296692
0 0.0205636 0.30869 0.0411143 0.617081
0 0.018919 0.314553 0.0378306 0.628978
0 0.136453 0.291982 0.0592251 0.581412
0 0.0198517 0.305616 0.0397033 0.610633
19 0.0959938 0.28474 0.0956988 0.569012
0 0.372012 0.32735 0.111902 0.654699
0 0.954242 0.462609 0.0178132 0.280296
0 0.350019 0.390645 0.0625325 0.776881
9 0.868822 0.25736 0.0169333 0.15655
0 0.270928 0.215819 0.0217914 0.431638
9 0.708529 0.55688 0.014009 0.223304
9 0.728148 0.565156 0.0147803 0.208153
9 0.751977 0.544879 0.0151074 0.218142
9 0.698512 0.580112 0.0128987 0.207547
9 0.774196 0.537307 0.013011 0.220093
0 0.74122 0.567318 0.0150949 0.231791
9 0.814497 0.536349 0.0116854 0.198659
9 0.730217 0.572675 0.0159521 0.234428
9 0.69805 0.588468 0.0126954 0.227427
2 0.0907818 0.798329 0.0473796 0.395743
2 0.965445 0.515726 0.0113328 0.109739
19 0.460169 0.687237 0.0245241 0.208564
19 0.432217 0.576549 0.0190034 0.220091
0 0.430204 0.569881 0.0124208 0.212853
9 0.738109 0.605752 0.0170043 0.237036
9 0.626745 0.434487 0.00982118 0.189333
9 0.761882 0.59858 0.0152485 0.238681
0 0.531975 0.499356 0.017411 0.342453
9 0.651872 0.421979 0.010895 0.213929
9 0.668672 0.408199 0.0129856 0.238233
9 0.687988 0.403601 0.0145798 0.24623
9 0.708676 0.388248 0.0159638 0.247826
10 0.126651 0.816158 0.0760937 0.364214
0 0.361386 0.781667 0.00648677 0.136487
9 0.732541 0.378233 0.0176511 0.252903
9 0.804152 0.378253 0.0156894 0.236249
0 0.0364253 0.384583 0.0716417 0.766189
0 0.0342637 0.365384 0.066811 0.729126
0 0.0402291 0.35736 0.0466835 0.712327
3 0.466418 0.741206 0.0346016 0.411517
0 0.0374525 0.335473 0.0469162 0.66563
6 0.187287 0.743658 0.171048 0.507864
28 0.119983 0.739832 0.11778 0.515754
10 0.0848079 0.723248 0.0770124 0.547772
9 0.815674 0.646097 0.00748897 0.119905
0 0.573868 0.735774 0.0129259 0.328949
0 0.461309 0.520998 0.0166661 0.250188
0 0.460811 0.520624 0.016676 0.269812
0 0.461019 0.52528 0.0173305 0.267155
0 0.578726 0.704319 0.0219765 0.376798
25 0.877541 0.788145 0.106957 0.420048
0 0.461102 0.521519 0.0173439 0.273387
0 0.460661 0.520974 0.0152315 0.239768
0 0.461376 0.518853 0.0158923 0.26215
0 0.461149 0.521899 0.016112 0.249131
0 0.460944 0.519311 0.0172791 0.261522
0 0.461261 0.519586 0.0154248 0.24066
2 0.945436 0.775098 0.0463967 0.439558
0 0.972791 0.617171 0.0112425 0.217466
0 0.461079 0.518561 0.0163624 0.24501
0 0.972046 0.599364 0.0102388 0.185889
3 0.440694 0.77467 0.0454661 0.438177
0 0.459828 0.511169 0.017123 0.252674
0 0.969706 0.587091 0.00908399 0.199258
0 0.460966 0.520863 0.016155 0.246519
0 0.968109 0.610207 0.0110099 0.232955
2 0.940044 0.695854 0.0437604 0.238589
0 0.444174 0.715277 0.032971 0.563705
0 0.439266 0.783128 0.0159304 0.43001
0 0.442324 0.714544 0.0358815 0.566325
0 0.461671 0.524194 0.0174764 0.2579
2 0.818786 0.812616 0.135068 0.371192
2 0.819417 0.810032 0.136696 0.375879
2 0.929501 0.788991 0.0633621 0.415801
0 0.444606 0.707388 0.0357858 0.576574
0 0.461487 0.513542 0.0159273 0.235251
0 0.961652 0.635636 0.0120277 0.267961
0 0.454381 0.757825 0.0290897 0.481031
0 0.960579 0.627701 0.0136552 0.280244
0 0.456791 0.751106 0.023409 0.495154
0 0.456598 0.758038 0.0171753 0.475959
0 0.9602 0.622002 0.0127742 0.273718
0 0.461308 0.517583 0.0158671 0.251298
0 0.45912 0.764428 0.0174767 0.465277
0 0.461352 0.515554 0.0165959 0.239419
0 0.461253 0.518089 0.0160272 0.245133
0 0.958151 0.642167 0.0135694 0.28862
0 0.463711 0.761582 0.0182363 0.472765
0 0.957307 0.639479 0.0138283 0.278578
0 0.465988 0.773183 0.0155563 0.450256
0 0.95695 0.655295 0.0126567 0.283315
0 0.468965 0.786616 0.0153408 0.421947
0 0.955951 0.646543 0.0125375 0.287252
0 0.46104 0.520172 0.0167622 0.252393
0 0.470806 0.776613 0.0177989 0.44156
0 0.46128 0.516271 0.016403 0.256817
2 0.796718 0.817622 0.137646 0.361128
0 0.474244 0.776317 0.0162033 0.441491
2 0.794022 0.817327 0.14077 0.361931
0 0.460954 0.518524 0.0153725 0.239169
0 0.44041 0.512911 0.012517 0.189317
0 0.95283 0.67462 0.0139015 0.324786
2 0.793886 0.818818 0.141302 0.358943
0 0.461156 0.52097 0.0152897 0.247608
0 0.951661 0.68977 0.013983 0.340443
0 0.461146 0.525345 0.0158422 0.256317
0 0.443697 0.670658 0.0289588 0.494275
0 0.951254 0.680763 0.0138706 0.333587
0 0.951425 0.692186 0.0151455 0.366908
0 0.460695 0.522477 0.0157671 0.253347
2 0.79125 0.818549 0.142024 0.359549
0 0.950743 0.691802 0.0155843 0.380416
0 0.491932 0.804267 0.0175031 0.384495
0 0.461587 0.517593 0.0178231 0.251186
0 0.950268 0.707987 0.0159348 0.411006
2 0.788387 0.821734 0.141528 0.353378
0 0.498248 0.823288 0.0167561 0.349197
0 0.950196 0.712502 0.0165925 0.419217
0 0.460666 0.512736 0.0151649 0.236572
0 0.461221 0.51338 0.0163262 0.233821
0 0.949884 0.701888 0.0162315 0.412413
0 0.460385 0.521658 0.0181797 0.27773
3 0.431642 0.7835 0.0407239 0.422386
0 0.94953 0.720951 0.0160372 0.419599
3 0.429271 0.786123 0.0427699 0.425071
2 0.783285 0.820732 0.140998 0.355394
2 0.781335 0.82138 0.139109 0.351583
3 0.4278 0.79618 0.0459791 0.404769
0 0.4598 0.527357 0.0178279 0.279493
3 0.425995 0.790441 0.0482858 0.416037
2 0.780883 0.821746 0.141489 0.350845
0 0.423332 0.790617 0.0514805 0.414462
0 0.94976 0.71989 0.0160534 0.399909
3 0.420843 0.781734 0.0582098 0.430239
0 0.462159 0.534402 0.0218345 0.294904
2 0.777352 0.821604 0.142406 0.351127
0 0.52258 0.789038 0.0154803 0.416623
0 0.950297 0.714665 0.017051 0.391003
0 0.461175 0.529628 0.0168266 0.271848
3 0.403517 0.799666 0.0596174 0.39785
0 0.397872 0.783029 0.0616305 0.429307
0 0.441413 0.622551 0.0193076 0.377361
0 0.949683 0.697948 0.0162498 0.434641
2 0.777336 0.818016 0.14554 0.35928
0 0.949807 0.697937 0.0162539 0.390771
0 0.979421 0.615408 0.0130322 0.313705
0 0.439617 0.625861 0.0213579 0.374353
0 0.979436 0.616379 0.0136527 0.300001
0 0.950231 0.701579 0.0172803 0.393262
0 0.950124 0.694747 0.0166953 0.390004
0 0.977771 0.61462 0.0140338 0.304389
2 0.781866 0.818715 0.146066 0.359099
0 0.439471 0.631899 0.0209582 0.385756
0 0.439437 0.651853 0.0215561 0.407756
0 0.949888 0.678803 0.0165942 0.415895
0 0.950655 0.672207 0.0161977 0.389525
2 0.275402 0.747983 0.0206509 0.128649
2 0.917877 0.783301 0.0805612 0.428168
2 0.309735 0.894694 0.08685 0.207076
2 0.91838 0.777508 0.0798603 0.444985
2 0.792497 0.810913 0.138762 0.375227
0 0.950067 0.677293 0.0171598 0.4068
2 0.262632 0.896589 0.0895023 0.203489
0 0.951402 0.667126 0.0152073 0.393162
3 0.922303 0.740468 0.0778424 0.519064
2 0.208353 0.885912 0.0959032 0.223866
0 0.163145 0.85918 0.0938444 0.278522
0 0.954374 0.611813 0.0126846 0.356397
0 0.458185 0.614002 0.0182543 0.295356
0 0.421872 0.830319 0.0325592 0.331626
0 0.439026 0.59787 0.0153139 0.221426
0 0.459312 0.614606 0.0221156 0.295713
3 0.105722 0.789541 0.0573231 0.416573
0 0.437174 0.581492 0.0164195 0.193222
0 0.45769 0.591768 0.0196213 0.240417
3 0.0954106 0.780444 0.051059 0.433144
0 0.957915 0.595724 0.0113709 0.30606
0 0.435512 0.656345 0.021454 0.314543
3 0.0943643 0.798522 0.030588 0.345738
0 0.457518 0.628462 0.0211242 0.292734
0 0.495229 0.601829 0.014034 0.362996
0 0.436541 0.677915 0.0171127 0.365201
0 0.43537 0.687016 0.0198169 0.370625
3 0.074111 0.687739 0.0353403 0.343892
0 0.495049 0.594533 0.0144709 0.324317
0 0.494544 0.596669 0.0162126 0.332965
0 0.89814 0.741448 0.133346 0.513111
0 0.435213 0.600014 0.0162309 0.242968
3 0.423842 0.783266 0.0234554 0.276999
0 0.713573 0.784019 0.0231044 0.427169
3 0.421727 0.785676 0.0237588 0.262004
0 0.726857 0.780623 0.0223991 0.431458
2 0.272834 0.899949 0.103409 0.197444
3 0.419172 0.791034 0.0270001 0.307985
2 0.276966 0.726759 0.0646106 0.204363
0 0.737529 0.790983 0.0250916 0.41261
19 0.925913 0.764686 0.0894969 0.440828
0 0.412894 0.765312 0.0299889 0.343331
3 0.407275 0.774099 0.0342458 0.333236
0 0.771649 0.777131 0.0229801 0.440895
3 0.402881 0.787873 0.0367198 0.399554
3 0.397436 0.785084 0.0434629 0.414106
0 0.455477 0.522171 0.0170557 0.305064
0 0.431977 0.519076 0.0144789 0.241177
0 0.783023 0.780627 0.0254371 0.434384
3 0.386879 0.798881 0.0382804 0.394825
0 0.793121 0.784403 0.0240842 0.426014
3 0.10915 0.804975 0.0719133 0.383644
0 0.802668 0.788576 0.0210655 0.417044
0 0.42951 0.513667 0.0158527 0.304362
0 0.455044 0.501956 0.0166295 0.287674
3 0.385405 0.756173 0.0582318 0.482332
0 0.453399 0.485102 0.0160475 0.285624
3 0.372738 0.779505 0.0581561 0.437975
3 0.0973295 0.802452 0.0606872 0.388341
2 0.291559 0.883848 0.116654 0.227563
2 0.249127 0.901656 0.116255 0.193736
0 0.0624647 0.722547 0.0157031 0.352616
2 0.198733 0.881506 0.134774 0.23388
2 0.410715 0.888474 0.0586818 0.218183
2 0.474778 0.734921 0.0269026 0.308911
2 0.166072 0.858474 0.125696 0.279668
2 0.138185 0.839587 0.108821 0.317685
2 0.472909 0.759622 0.0318307 0.365704
2 0.469227 0.767388 0.0364473 0.356534
2 0.46461 0.775972 0.0387891 0.438492
2 0.462356 0.789103 0.0508625 0.411146
0 0.29033 0.640558 0.0125232 0.262764
2 0.0875222 0.885368 0.0330016 0.225063
0 0.42463 0.714772 0.0134809 0.253463
2 0.454446 0.793 0.0532779 0.40685
0 0.287198 0.643418 0.0121807 0.305289
2 0.437389 0.79566 0.0613024 0.403632
2 0.103756 0.861387 0.078629 0.272221
2 0.391054 0.800759 0.115309 0.394924
0 0.571242 0.546658 0.0179744 0.397404
2 0.0891972 0.842827 0.0645728 0.311681
6 0.312411 0.780236 0.158833 0.434217
7 0.262966 0.788763 0.178168 0.417244
2 0.433391 0.774359 0.0715213 0.443018
7 0.209181 0.797627 0.169956 0.400457
0 0.321868 0.810363 0.0162634 0.371698
0 0.393403 0.721313 0.0128095 0.277872
0 0.302518 0.789751 0.0167761 0.416245
7 0.162714 0.783106 0.151895 0.428748
0 0.282338 0.788791 0.0160697 0.419695
2 0.133832 0.778053 0.124194 0.438809
7 0.134886 0.776815 0.120895 0.440806
2 0.109665 0.753543 0.10066 0.486805
0 0.238092 0.789632 0.0177736 0.416995
9 0.194269 0.403475 0.0159069 0.245553
0 0.633703 0.474795 0.0190873 0.356239
0 0.637101 0.469622 0.0203208 0.35525
0 0.6578 0.764976 0.0293076 0.25015
3 0.664727 0.763463 0.035145 0.29178
2 0.438911 0.873029 0.0580069 0.248628
0 0.542419 0.500143 0.0462546 0.999714
0 0.0872315 0.581845 0.0131955 0.353518
0 0.340746 0.551241 0.185942 0.895717
19 0.773159 0.597939 0.0237648 0.115768
19 0.794116 0.688834 0.0188169 0.115827
2 0.458203 0.78488 0.0426182 0.42733
2 0.442459 0.766894 0.0861089 0.463306
0 0.193373 0.771156 0.0274269 0.453695
0 0.437234 0.849124 0.0185112 0.294867
0 0.423385 0.844745 0.0215102 0.306072
0 0.379101 0.863233 0.0188764 0.270077
0 0.335319 0.85179 0.0169919 0.291395
0 0.275253 0.879701 0.0169142 0.235334
0 0.211798 0.877381 0.0185297 0.241709
0 0.15858 0.837956 0.0168267 0.320585
0 0.0380564 0.747447 0.0200612 0.36751
0 0.0746605 0.805321 0.0214271 0.383714
0 0.326349 0.726853 0.0121142 0.297025
0 0.0646039 0.796531 0.0171346 0.399987
0 0.0546883 0.769455 0.0167561 0.413067
0 0.313547 0.732879 0.0125633 0.297757
0 0.272913 0.737091 0.0137945 0.313938
0 0.253306 0.735414 0.0140838 0.270595
0 0.226514 0.716781 0.010892 0.249393
0 0.197961 0.720364 0.0164855 0.275376
0 0.184689 0.711382 0.0122111 0.246012
0 0.61855 0.774808 0.0134425 0.44427
1 0.567524 0.588111 0.0168349 0.22841
0 0.685277 0.758163 0.0119447 0.409387
0 0.346918 0.807444 0.00873333 0.184725
0 0.420135 0.748854 0.0102502 0.289862
0 0.335141 0.798722 0.0104246 0.203582
0 0.384993 0.771758 0.0121183 0.287699
0 0.262725 0.881087 0.0101276 0.207426
0 0.410659 0.74853 0.0108635 0.283834
0 0.393494 0.769092 0.0146641 0.350514
0 0.377179 0.783631 0.0139386 0.284064
0 0.314688 0.749267 0.0112484 0.353186
0 0.385649 0.777521 0.0124062 0.363364
0 0.402746 0.751619 0.0106094 0.285378
0 0.240125 0.860034 0.00948137 0.188077
0 0.230288 0.841718 0.00959879 0.19624
12 0.854009 0.70697 0.0113813 0.250893
0 0.290729 0.832314 0.00904584 0.216347
0 0.369854 0.771052 0.0160153 0.363508
9 0.86727 0.689116 0.0110025 0.23277
0 0.268468 0.820156 0.00882328 0.24365
0 0.575909 0.734287 0.0122641 0.433246
0 0.577606 0.733397 0.0148509 0.442257
19 0.747456 0.684008 0.0172343 0.140819
0 0.184583 0.714561 0.0121668 0.400617
0 0.600558 0.74471 0.0160202 0.455746
0 0.379783 0.787267 0.0111511 0.212051
0 0.171589 0.702718 0.0159385 0.420425
0 0.37331 0.780749 0.0120879 0.258573
0 0.363409 0.787944 0.00978267 0.267548
0 0.533459 0.662041 0.011945 0.247084
0 0.618448 0.707373 0.0152214 0.446042
0 0.164021 0.701654 0.0162431 0.417427
0 0.552526 0.65174 0.0147696 0.357702
0 0.628791 0.729479 0.0203044 0.535466
0 0.534535 0.61824 0.013181 0.294025
0 0.640953 0.742365 0.0193377 0.515271
0 0.372961 0.755068 0.0114044 0.381427
0 0.651035 0.737394 0.0282786 0.522315
0 0.400987 0.730091 0.0112574 0.259375
0 0.669379 0.746181 0.0260304 0.507638
0 0.124727 0.659883 0.0125387 0.3523
0 0.687343 0.728233 0.0255947 0.537228
0 0.35374 0.7821 0.0156549 0.358953
0 0.340995 0.787657 0.0124911 0.343397
0 0.39104 0.781563 0.0119414 0.309984
0 0.540416 0.729394 0.0155438 0.345173
0 0.70585 0.714302 0.0301464 0.566905
0 0.57072 0.706334 0.0182726 0.485957
0 0.386608 0.767261 0.0121861 0.323314
0 0.111476 0.650458 0.0138733 0.359344
0 0.541586 0.719605 0.0138645 0.326489
0 0.409745 0.749233 0.00958538 0.173778
0 0.575391 0.729837 0.0183382 0.499541
0 0.546176 0.701072 0.0157912 0.366564
0 0.381475 0.768161 0.0143524 0.326258
0 0.731867 0.726785 0.0241966 0.54643
0 0.561147 0.699153 0.0115886 0.357415
0 0.404044 0.7213 0.0112158 0.218328
0 0.548665 0.703048 0.0150732 0.40071
0 0.580534 0.727525 0.0205674 0.505294
0 0.756068 0.714255 0.024593 0.568401
0 0.37442 0.764517 0.012225 0.330663
0 0.55055 0.726406 0.0149758 0.427411
0 0.7804 0.701224 0.0244117 0.59641
0 0.586058 0.717075 0.0231068 0.561023
0 0.0939444 0.664196 0.0102338 0.282206
0 0.804057 0.696063 0.0235548 0.603576
0 0.554328 0.73238 0.0171149 0.448896
0 0.0907915 0.644843 0.00981143 0.272311
0 0.82538 0.701068 0.0233157 0.597864
0 0.558454 0.747966 0.0164635 0.452344
0 0.601388 0.719473 0.0234222 0.560347
0 0.700907 0.82096 0.0137637 0.31991
0 0.610603 0.706133 0.027169 0.583179
0 0.845597 0.704003 0.0236952 0.586509
0 0.189479 0.792824 0.0156769 0.406675
0 0.561222 0.744045 0.0170075 0.494671
0 0.666445 0.710449 0.0149219 0.510065
0 0.713711 0.830139 0.0147811 0.330304
0 0.758341 0.805085 0.0150337 0.382597
0 0.772826 0.807235 0.0165694 0.38203
0 0.621036 0.699971 0.0314684 0.592737
0 0.860399 0.699417 0.0248113 0.596624
0 0.567421 0.752348 0.0203365 0.493978
0 0.590601 0.745863 0.0181756 0.503347
0 0.553211 0.711649 0.0136008 0.344882
0 0.727414 0.824794 0.0126203 0.328079
0 0.63395 0.686835 0.0355299 0.621983
0 0.873443 0.705544 0.0224422 0.588176
0 0.573328 0.744465 0.0189477 0.503622
0 0.330299 0.812282 0.0163003 0.371615
0 0.384132 0.77769 0.0110542 0.269192
0 0.742174 0.822124 0.0108955 0.349173
0 0.355991 0.822298 0.0148363 0.342664
0 0.321081 0.803699 0.0172756 0.381388
0 0.377796 0.777049 0.0113612 0.259412
0 0.338397 0.823248 0.0136803 0.3446
0 0.585251 0.760359 0.0171063 0.476839
0 0.310806 0.825075 0.0174724 0.344741
0 0.329206 0.817091 0.012251 0.335225
0 0.340803 0.827623 0.0133973 0.292523
0 0.195736 0.786135 0.016466 0.403883
0 0.931123 0.681236 0.0145234 0.452142
0 0.67191 0.701775 0.0381963 0.593494
0 0.163128 0.764728 0.0198379 0.417378
0 0.710673 0.71981 0.0237684 0.557348
27 0.686595 0.81236 0.00983024 0.37528
0 0.702672 0.701601 0.0297464 0.595824
0 0.732027 0.713642 0.023363 0.569996
0 0.659588 0.718975 0.0229535 0.557119
0 0.155731 0.753433 0.0165823 0.422844
6 0.973992 0.396116 0.0514815 0.50715
0 0.147799 0.764429 0.0143509 0.397142
0 0.141757 0.750002 0.0155902 0.390683
0 0.771162 0.696124 0.0339983 0.602491
0 0.700416 0.71712 0.0348926 0.564789
0 0.175816 0.734709 0.0148501 0.418723
0 0.135103 0.738572 0.0132437 0.366489
0 0.801049 0.694741 0.0345763 0.6071
0 0.825131 0.686764 0.0371933 0.620767
0 0.757421 0.706433 0.0286205 0.580138
0 0.647914 0.763768 0.0212684 0.468146
0 0.738099 0.723247 0.0247028 0.551227
0 0.587806 0.739797 0.0174426 0.495174
0 0.573696 0.736822 0.0173998 0.443244
0 0.272261 0.853363 0.0111342 0.28793
0 0.255958 0.860868 0.0108584 0.272215
0 0.705407 0.731334 0.0474329 0.534478
0 0.553327 0.702209 0.0109189 0.206354
0 0.846615 0.688654 0.0405742 0.622692
6 0.976409 0.387502 0.0466789 0.458751
0 0.245849 0.863751 0.00998783 0.264386
0 0.867638 0.705147 0.0349419 0.584472
0 0.810011 0.735284 0.0262711 0.523706
6 0.976442 0.390663 0.0465624 0.45368
0 0.783972 0.708425 0.0243696 0.577586
0 0.851158 0.712263 0.0163164 0.560306
0 0.957797 0.617479 0.0104446 0.297619
0 0.137814 0.740054 0.0121354 0.310633
6 0.976044 0.388161 0.0475984 0.451996
0 0.897232 0.701684 0.0263643 0.591534
0 0.908287 0.715735 0.0226042 0.56853
0 0.568002 0.730474 0.0135562 0.299101
0 0.58777 0.781734 0.0165962 0.349185
0 0.571155 0.732248 0.0140302 0.301188
6 0.977213 0.390237 0.0451229 0.444663
0 0.923128 0.733088 0.0229862 0.533381
0 0.55564 0.677459 0.013046 0.273411
0 0.260923 0.756933 0.0155892 0.451963
0 0.938967 0.738988 0.0209508 0.510702
0 0.251369 0.746543 0.0169954 0.466391
0 0.220555 0.773645 0.0144056 0.442331
0 0.284711 0.759476 0.0133387 0.402076
0 0.208097 0.78436 0.0220488 0.42695
0 0.942571 0.723906 0.0183921 0.538466
0 0.273353 0.753234 0.0122858 0.362395
0 0.946745 0.705962 0.0176787 0.478702
0 0.261347 0.787352 0.0128416 0.402872
0 0.232265 0.778382 0.0132565 0.434942
0 0.94926 0.704865 0.0151067 0.472342
0 0.822127 0.684256 0.042043 0.628367
0 0.195719 0.780457 0.0136 0.426866
0 0.250315 0.764226 0.0124499 0.379183
0 0.931784 0.655431 0.0140851 0.384427
0 0.915171 0.755539 0.0215091 0.48592
0 0.964368 0.630827 0.0127215 0.339586
0 0.953296 0.673769 0.0141742 0.452169
0 0.954775 0.664271 0.0139332 0.423664
0 0.152195 0.808747 0.0112178 0.351618
0 0.548729 0.711396 0.0134318 0.421363
0 0.940267 0.66149 0.0136251 0.383016
0 0.217592 0.747837 0.012898 0.369472
0 0.956162 0.680862 0.0136392 0.377175
0 0.194265 0.748501 0.0157421 0.426111
0 0.551861 0.725278 0.0141907 0.434902
0 0.172435 0.773533 0.0125117 0.366123
0 0.554956 0.738533 0.016349 0.459867
0 0.909317 0.70719 0.0275419 0.580011
0 0.944401 0.689862 0.014393 0.468273
0 0.562625 0.735024 0.019788 0.471113
0 0.648723 0.687144 0.0143855 0.382302
0 0.361818 0.820857 0.021283 0.353176
0 0.356882 0.798007 0.0261056 0.398482
0 0.35556 0.811501 0.0246283 0.374421
0 0.350995 0.808677 0.0248967 0.377419
0 0.353924 0.808921 0.0183095 0.355042
0 0.347178 0.821524 0.0262754 0.353083
0 0.830569 0.525144 0.0161484 0.326867
0 0.334691 0.805382 0.0256377 0.384744
0 0.831941 0.542956 0.0151068 0.342135
0 0.209733 0.732868 0.0184524 0.437339
0 0.328609 0.798225 0.0280927 0.402604
0 0.204952 0.74944 0.0169927 0.409123
0 0.320756 0.792519 0.0270708 0.404615
0 0.312626 0.796651 0.0258878 0.405318
0 0.831739 0.538971 0.0170746 0.331446
0 0.198775 0.783187 0.0179797 0.389385
1 0.31769 0.895413 0.0365803 0.205406
0 0.306059 0.804258 0.0275203 0.391484
0 0.830894 0.544955 0.0159793 0.332396
0 0.297766 0.806599 0.0252713 0.381044
0 0.175449 0.730561 0.0115222 0.292467
0 0.290036 0.800258 0.0281909 0.397085
0 0.271969 0.785379 0.0276259 0.428387
0 0.26258 0.781125 0.0254006 0.431285
0 0.152079 0.753195 0.0152098 0.410693
0 0.251461 0.764417 0.0272563 0.468409
0 0.143742 0.765965 0.0171352 0.411373
0 0.121442 0.761852 0.0172333 0.395553
0 0.113513 0.750741 0.0153635 0.369238
1 0.135263 0.79046 0.0238247 0.297936
0 0.105588 0.740049 0.0151419 0.384795
0 0.0981848 0.730843 0.0152377 0.398673
0 0.183312 0.773362 0.0256765 0.446341
0 0.090709 0.729934 0.0137315 0.390318
1 0.164272 0.828699 0.0338805 0.339495
0 0.083866 0.712904 0.0139087 0.38689
0 0.778536 0.519485 0.0130398 0.40831
0 0.0758132 0.691352 0.0142824 0.403847
0 0.774415 0.530333 0.0132201 0.393209
1 0.154739 0.848724 0.032363 0.298851
19 0.589195 0.686667 0.0259926 0.24411
0 0.785107 0.55537 0.0108103 0.34497
0 0.0615663 0.689961 0.014812 0.367124
1 0.136757 0.815929 0.0303405 0.36162
19 0.57722 0.689741 0.0279543 0.265984
0 0.0478609 0.690477 0.0138589 0.365812
0 0.0727718 0.658258 0.0126912 0.343759
0 0.115519 0.767988 0.0185249 0.381846
0 0.0406114 0.678013 0.0150615 0.385296
0 0.755779 0.50164 0.0122364 0.419655
0 0.770521 0.533271 0.0104167 0.34677
0 0.0677688 0.659712 0.0140347 0.349707
6 0.298017 0.61436 0.0825621 0.174519
0 0.0350193 0.675959 0.0140501 0.305631
0 0.750901 0.52865 0.0137346 0.390646
1 0.104591 0.803488 0.0244617 0.303708
0 0.0288765 0.683017 0.0119414 0.331829
0 0.761928 0.542114 0.012959 0.360303
0 0.0918665 0.734177 0.0215158 0.378994
0 0.74257 0.508843 0.0129765 0.402281
1 0.0872445 0.783972 0.024949 0.276875
1 0.077943 0.709584 0.0252582 0.394201
0 0.733357 0.519111 0.0130479 0.376496
0 0.748414 0.506245 0.011585 0.301714
6 0.523516 0.807912 0.0444345 0.376592
6 0.513164 0.813207 0.0472226 0.36406
0 0.727742 0.508258 0.013918 0.401358
0 0.722584 0.500298 0.0127705 0.400555
0 0.71786 0.506797 0.0134041 0.432991
0 0.647112 0.580927 0.0168178 0.327918
0 0.970352 0.58917 0.011966 0.298677
0 0.693732 0.496909 0.0142592 0.431404
0 0.552732 0.671976 0.0129231 0.324098
0 0.711094 0.495262 0.0144461 0.453542
0 0.48766 0.630033 0.0112464 0.173191
28 0.0915968 0.853212 0.0856433 0.288589
0 0.550561 0.678815 0.0157723 0.332419
0 0.481082 0.660221 0.0126125 0.216235
0 0.706969 0.522968 0.0204146 0.458355
0 0.0551684 0.80647 0.0536373 0.381548
0 0.480691 0.678186 0.0148585 0.209461
0 0.54984 0.705593 0.0165262 0.344789
0 0.0490758 0.798073 0.0482114 0.398075
0 0.479927 0.672445 0.0142279 0.239635
0 0.715044 0.521682 0.0206084 0.475116
6 0.0450556 0.77442 0.0433224 0.389764
0 0.725166 0.454901 0.0290802 0.592084
0 0.477941 0.697904 0.0181487 0.246731
6 0.0379407 0.71934 0.0396348 0.331303
0 0.730454 0.457271 0.0246611 0.604535
0 0.732605 0.506896 0.0275042 0.4985
0 0.73761 0.516482 0.025409 0.459732
19 0.0299104 0.670881 0.0322984 0.272505
0 0.747194 0.516595 0.0236436 0.464007
0 0.751694 0.48806 0.0263772 0.51967
6 0.0255988 0.66985 0.0301431 0.251
0 0.756637 0.482895 0.0255371 0.519493
19 0.0222443 0.652505 0.0277288 0.228293
0 0.762221 0.442292 0.0247569 0.583364
0 0.766811 0.42795 0.0275917 0.606934
0 0.714616 0.552338 0.0248172 0.500215
0 0.771917 0.428355 0.0260558 0.599622
0 0.717375 0.505562 0.0271338 0.601401
0 0.963024 0.494707 0.00860023 0.177994
0 0.776217 0.490768 0.0250934 0.473805
0 0.721248 0.524509 0.0314288 0.570402
0 0.781786 0.414995 0.02493 0.596428
0 0.787073 0.464273 0.0241318 0.489342
0 0.792107 0.459744 0.0222757 0.491707
0 0.964809 0.302331 0.0361502 0.603024
0 0.796248 0.452654 0.0203269 0.514788
2 0.0108805 0.585028 0.0217609 0.154995
0 0.799673 0.541587 0.0185909 0.348476
0 0.965987 0.29181 0.03581 0.582046
0 0.46341 0.775091 0.0129616 0.305635
0 0.725459 0.538464 0.0245377 0.598886
0 0.808463 0.545361 0.0159903 0.367459
19 0.00905765 0.583781 0.01798 0.156187
19 0.00842527 0.575178 0.0168333 0.151806
0 0.440395 0.83214 0.0146438 0.33052
2 0.0648284 0.80794 0.0478907 0.379724
0 0.430145 0.837405 0.0167403 0.317506
9 0.0407447 0.699355 0.0251703 0.284898
0 0.184867 0.877779 0.0173403 0.239295
0 0.181417 0.878437 0.0254169 0.237577
0 0.97019 0.281021 0.0340753 0.557668
0 0.138731 0.84809 0.0274098 0.299001
0 0.10768 0.821409 0.028505 0.354738
0 0.0868811 0.80526 0.0244526 0.38811
0 0.0735259 0.786852 0.0187545 0.422096
0 0.0638773 0.764896 0.0163538 0.387138
0 0.0572764 0.743467 0.0147504 0.385987
0 0.0522249 0.686966 0.0151122 0.300386
0 0.176954 0.787699 0.0185508 0.419604
0 0.0490297 0.690302 0.011629 0.317039
0 0.0456468 0.66283 0.0129684 0.263115
0 0.167419 0.793367 0.0236368 0.410733
0 0.849107 0.577046 0.0223477 0.388247
0 0.394405 0.3468 0.00791389 0.140997
0 0.812225 0.366501 0.0362893 0.706396
9 0.510218 0.452339 0.00771463 0.124121
0 0.402522 0.326719 0.00908512 0.165527
9 0.519818 0.439517 0.00961661 0.143451
0 0.883245 0.506237 0.0216269 0.436474
9 0.527392 0.441896 0.0100272 0.1588
9 0.532758 0.433623 0.00955677 0.168459
9 0.539394 0.431694 0.0101721 0.182734
9 0.549549 0.382821 0.00926495 0.230285
9 0.57112 0.371022 0.0122485 0.255276
9 0.976626 0.505488 0.0185374 0.293738
0 0.447756 0.286427 0.0148392 0.323026
0 0.448938 0.303367 0.0169296 0.31012
0 0.691791 0.52503 0.0119926 0.198571
0 0.705824 0.551352 0.00906789 0.174209
0 0.705906 0.524212 0.00987434 0.193843
0 0.716906 0.543751 0.0123026 0.241095
0 0.489653 0.400704 0.0210678 0.308475
0 0.577404 0.702796 0.0109637 0.303736
0 0.603554 0.682821 0.0100639 0.280332
0 0.514487 0.377108 0.0245615 0.373122
0 0.529995 0.735217 0.0318434 0.330312
0 0.647697 0.700971 0.0121861 0.314566
0 0.661843 0.710009 0.012573 0.33305
0 0.540704 0.801512 0.0309993 0.381862
9 0.398476 0.155683 0.0110499 0.161784
0 0.675386 0.767878 0.0120482 0.403596
0 0.691215 0.734981 0.0125215 0.324806
0 0.529798 0.403802 0.0279156 0.370514
0 0.706573 0.734345 0.0130384 0.338443
0 0.706111 0.781658 0.0153686 0.427855
0 0.333674 0.604928 0.0125727 0.203447
0 0.645781 0.904639 0.021367 0.187645
0 0.326436 0.593524 0.0137646 0.241384
0 0.324023 0.618597 0.0121114 0.21289
0 0.306819 0.608136 0.0121197 0.21891
0 0.664814 0.756528 0.0147648 0.243753
0 0.867861 0.908198 0.0160016 0.179182
0 0.902932 0.890426 0.0150661 0.214702
23 0.546645 0.380431 0.0532875 0.748598
0 0.279867 0.568026 0.0154698 0.250903
0 0.864463 0.939941 0.0178339 0.116523
0 0.897314 0.722871 0.00817466 0.18552
